0.000000e+00
 1.000000e-12
2.017498e-12
3.063850e-12
4.155724e-12
5.309073e-12
6.540620e-12
7.868079e-12
9.310411e-12
1.088807e-11
1.262330e-11
1.454038e-11
1.666601e-11
1.902961e-11
2.166371e-11
2.460438e-11
2.789166e-11
3.157008e-11
3.568924e-11
4.030439e-11
4.547711e-11
5.127611e-11
5.777801e-11
6.506833e-11
7.324248e-11
8.240691e-11
9.268038e-11
1.041954e-10
1.170998e-10
1.315583e-10
1.477547e-10
1.658939e-10
1.862042e-10
2.089399e-10
2.343843e-10
2.628531e-10
2.946975e-10
3.303085e-10
3.701213e-10
4.146198e-10
4.643422e-10
5.198872e-10
5.819198e-10
6.511791e-10
7.284863e-10
8.147532e-10
9.109922e-10
1.018327e-09
1.138004e-09
1.271407e-09
1.420069e-09
1.585691e-09
1.770158e-09
1.975557e-09
2.204201e-09
2.458653e-09
2.741748e-09
3.056623e-09
3.406752e-09
3.795974e-09
4.228538e-09
4.709137e-09
5.242961e-09
5.835740e-09
6.493808e-09
7.224154e-09
8.034495e-09
8.933347e-09
9.930105e-09
1.103513e-08
1.225985e-08
1.361685e-08
1.512001e-08
1.678462e-08
1.862750e-08
2.066721e-08
2.292412e-08
2.542070e-08
2.818162e-08
3.123404e-08
3.460782e-08
3.833574e-08
4.245387e-08
4.700178e-08
5.202294e-08
5.756509e-08
6.368058e-08
7.042687e-08
7.786698e-08
8.606998e-08
9.511162e-08
1.050749e-07
1.160507e-07
1.281385e-07
1.414475e-07
1.560968e-07
1.722171e-07
1.899510e-07
2.094547e-07
2.308990e-07
2.544703e-07
2.803724e-07
3.088280e-07
3.400800e-07
3.743937e-07
4.120587e-07
4.533907e-07
4.987342e-07
5.484647e-07
6.029913e-07
6.627600e-07
7.282566e-07
8.000100e-07
8.785959e-07
9.646409e-07
1.058827e-06
1.161895e-06
1.274651e-06
1.397972e-06
1.532810e-06
1.680199e-06
1.841262e-06
2.017218e-06
2.209392e-06
2.419218e-06
2.648253e-06
2.898187e-06
3.170850e-06
3.468225e-06
3.792460e-06
4.145882e-06
4.531010e-06
4.950571e-06
5.407514e-06
5.905028e-06
6.446565e-06
7.035852e-06
7.676919e-06
8.374119e-06
9.132152e-06
9.956093e-06
1.085142e-05
1.182404e-05
1.288033e-05
1.402715e-05
1.527192e-05
1.662262e-05
1.808784e-05
1.967685e-05
2.139960e-05
2.326684e-05
2.529008e-05
2.748175e-05
2.985520e-05
3.242474e-05
3.520581e-05
3.821495e-05
4.146993e-05
4.498982e-05
4.879510e-05
5.290772e-05
5.735124e-05
6.215089e-05
6.733373e-05
7.292874e-05
7.896695e-05
8.548161e-05
9.250827e-05
1.000850e-04
1.082525e-04
1.170542e-04
1.265367e-04
1.367497e-04
1.477463e-04
1.595831e-04
1.723206e-04
1.860235e-04
2.007605e-04
2.166051e-04
2.336357e-04
2.519355e-04
2.715934e-04
2.927042e-04
3.153685e-04
3.396935e-04
3.657933e-04
3.937891e-04
4.238098e-04
4.559925e-04
4.904827e-04
5.274349e-04
5.670132e-04
6.093918e-04
6.547553e-04
7.032996e-04
7.552324e-04
8.107736e-04
8.701566e-04
9.336279e-04
1.001449e-03
1.073896e-03
1.151263e-03
1.233857e-03
1.322006e-03
1.416055e-03
1.516370e-03
1.623336e-03
1.737358e-03
1.858867e-03
1.988315e-03
2.126178e-03
2.272960e-03
2.429191e-03
2.595428e-03
2.772258e-03
2.960299e-03
3.160202e-03
3.372650e-03
3.598361e-03
3.838089e-03
4.092629e-03
4.362812e-03
4.649511e-03
4.953642e-03
5.276166e-03
5.618091e-03
5.980470e-03
6.364410e-03
6.771066e-03
7.201649e-03
7.657425e-03
8.139718e-03
8.649912e-03
9.189451e-03
9.759845e-03
1.036267e-02
1.099957e-02
1.167226e-02
1.238252e-02
1.313222e-02
1.392329e-02
1.475777e-02
1.563773e-02
1.656538e-02
1.754298e-02
1.857288e-02
1.965756e-02
2.079954e-02
2.200147e-02
2.326608e-02
2.459622e-02
2.599483e-02
2.746495e-02
2.900974e-02
3.063246e-02
3.233648e-02
3.412528e-02
3.600248e-02
3.797178e-02
4.003702e-02
4.220216e-02
4.447128e-02
4.684857e-02
4.933835e-02
5.194509e-02
5.467335e-02
5.752783e-02
6.051336e-02
6.363490e-02
6.689753e-02
7.030647e-02
7.386706e-02
7.758476e-02
8.146516e-02
8.551399e-02
8.973709e-02
9.414042e-02
9.873006e-02
1.035122e-01
1.084932e-01
1.136795e-01
1.190776e-01
1.246942e-01
1.305359e-01
1.366097e-01
1.429226e-01
1.494814e-01
1.562933e-01
1.633656e-01
1.707054e-01
1.783201e-01
1.862170e-01
1.944035e-01
2.028871e-01
2.116753e-01
2.207755e-01
2.301952e-01
2.399420e-01
2.500233e-01
2.604465e-01
2.712192e-01
2.823485e-01
2.938418e-01
3.057064e-01
3.179494e-01
3.305776e-01
3.435981e-01
3.570176e-01
3.708426e-01
3.850795e-01
3.997345e-01
4.148136e-01
4.303226e-01
4.462669e-01
4.626518e-01
4.794822e-01
4.967627e-01
5.144976e-01
5.326907e-01
5.513457e-01
5.704656e-01
5.900532e-01
6.101107e-01
6.306399e-01
6.516420e-01
6.731179e-01
6.950677e-01
7.174910e-01
7.403871e-01
7.637542e-01
7.875902e-01
8.118922e-01
8.366567e-01
8.618794e-01
8.875553e-01
9.136786e-01
9.402429e-01
9.672407e-01
9.946641e-01
1.022504e+00
1.050750e+00
1.079392e+00
1.108419e+00
1.137817e+00
1.167573e+00
1.197673e+00
1.228102e+00
1.258843e+00
1.289878e+00
1.321189e+00
1.352758e+00
1.384563e+00
1.416583e+00
1.448796e+00
1.481179e+00
1.513706e+00
1.546353e+00
1.579093e+00
1.611898e+00
1.644740e+00
1.677589e+00
1.710415e+00
1.743186e+00
1.775871e+00
1.808434e+00
1.840843e+00
1.873062e+00
1.905054e+00
1.936784e+00
1.968212e+00
1.999301e+00
2.030011e+00
2.060303e+00
2.090135e+00
2.119466e+00
2.148255e+00
2.176458e+00
2.204034e+00
2.230938e+00
2.257127e+00
2.282558e+00
2.307185e+00
2.330964e+00
2.353850e+00
2.375800e+00
2.396767e+00
2.416708e+00
2.435578e+00
2.453333e+00
2.469928e+00
2.485321e+00
2.499468e+00
2.512326e+00
2.523853e+00
2.534008e+00
2.542751e+00
2.550042e+00
2.555841e+00
2.560112e+00
2.562817e+00
2.563922e+00
2.563392e+00
2.561194e+00
2.557298e+00
2.551673e+00
2.544290e+00
2.535125e+00
2.524152e+00
2.511349e+00
2.496693e+00
2.480168e+00
2.461756e+00
2.441442e+00
2.419214e+00
2.395063e+00
2.368980e+00
2.340961e+00
2.311002e+00
2.279104e+00
2.245268e+00
2.209501e+00
2.171809e+00
2.132204e+00
2.090698e+00
2.047308e+00
2.002052e+00
1.954953e+00
1.906034e+00
1.855323e+00
1.802850e+00
1.748649e+00
1.692755e+00
1.635208e+00
1.576049e+00
1.515323e+00
1.453078e+00
1.389362e+00
1.324230e+00
1.257736e+00
1.189940e+00
1.120901e+00
1.050684e+00
9.793536e-01
9.069783e-01
8.336287e-01
7.593775e-01
6.842995e-01
6.084718e-01
5.319732e-01
4.548845e-01
3.772883e-01
2.992686e-01
2.209111e-01
1.423030e-01
6.353251e-02
-1.531075e-02
-9.413628e-02
-1.728527e-01
-2.513677e-01
-3.295887e-01
-4.074223e-01
-4.847751e-01
-5.615531e-01
-6.376628e-01
-7.130105e-01
-7.875028e-01
-8.610468e-01
-9.335501e-01
-1.004921e+00
-1.075070e+00
-1.143905e+00
-1.211340e+00
-1.277286e+00
-1.341659e+00
-1.404374e+00
-1.465349e+00
-1.524504e+00
-1.581760e+00
-1.637043e+00
-1.690277e+00
-1.741392e+00
-1.790320e+00
-1.836995e+00
-1.881353e+00
-1.923335e+00
-1.962883e+00
-1.999945e+00
-2.034469e+00
-2.066408e+00
-2.095719e+00
-2.122362e+00
-2.146299e+00
-2.167499e+00
-2.185932e+00
-2.201571e+00
-2.214397e+00
-2.224391e+00
-2.231540e+00
-2.235833e+00
-2.237265e+00
-2.235833e+00
0.000000e+00
 1.000000e-12
2.017520e-12
3.063884e-12
4.155769e-12
5.309131e-12
6.540690e-12
7.868164e-12
9.310511e-12
1.088819e-11
1.262343e-11
1.454054e-11
1.666619e-11
1.902981e-11
2.166394e-11
2.460464e-11
2.789195e-11
3.157042e-11
3.568962e-11
4.030481e-11
4.547759e-11
5.127664e-11
5.777862e-11
6.506901e-11
7.324324e-11
8.240776e-11
9.268134e-11
1.041965e-10
1.171010e-10
1.315596e-10
1.477563e-10
1.658956e-10
1.862061e-10
2.089420e-10
2.343867e-10
2.628558e-10
2.947005e-10
3.303119e-10
3.701250e-10
4.146239e-10
4.643469e-10
5.198924e-10
5.819256e-10
6.511856e-10
7.284936e-10
8.147613e-10
9.110013e-10
1.018337e-09
1.138016e-09
1.271420e-09
1.420083e-09
1.585707e-09
1.770175e-09
1.975576e-09
2.204223e-09
2.458677e-09
2.741774e-09
3.056653e-09
3.406785e-09
3.796011e-09
4.228579e-09
4.709183e-09
5.243011e-09
5.835796e-09
6.493870e-09
7.224222e-09
8.034571e-09
8.933431e-09
9.930199e-09
1.103523e-08
1.225996e-08
1.361698e-08
1.512015e-08
1.678477e-08
1.862768e-08
2.066740e-08
2.292433e-08
2.542093e-08
2.818188e-08
3.123433e-08
3.460813e-08
3.833609e-08
4.245425e-08
4.700221e-08
5.202342e-08
5.756561e-08
6.368116e-08
7.042751e-08
7.786768e-08
8.607076e-08
9.511247e-08
1.050758e-07
1.160517e-07
1.281397e-07
1.414487e-07
1.560982e-07
1.722186e-07
1.899527e-07
2.094566e-07
2.309010e-07
2.544725e-07
2.803749e-07
3.088306e-07
3.400829e-07
3.743969e-07
4.120623e-07
4.533946e-07
4.987385e-07
5.484694e-07
6.029964e-07
6.627657e-07
7.282628e-07
8.000168e-07
8.786033e-07
9.646490e-07
1.058836e-06
1.161905e-06
1.274662e-06
1.397984e-06
1.532823e-06
1.680213e-06
1.841277e-06
2.017235e-06
2.209410e-06
2.419237e-06
2.648275e-06
2.898211e-06
3.170876e-06
3.468253e-06
3.792491e-06
4.145916e-06
4.531047e-06
4.950611e-06
5.407557e-06
5.905076e-06
6.446616e-06
7.035908e-06
7.676980e-06
8.374185e-06
9.132224e-06
9.956172e-06
1.085150e-05
1.182413e-05
1.288043e-05
1.402726e-05
1.527204e-05
1.662275e-05
1.808798e-05
1.967700e-05
2.139977e-05
2.326701e-05
2.529028e-05
2.748196e-05
2.985542e-05
3.242499e-05
3.520608e-05
3.821524e-05
4.147024e-05
4.499016e-05
4.879546e-05
5.290812e-05
5.735166e-05
6.215135e-05
6.733422e-05
7.292927e-05
7.896753e-05
8.548223e-05
9.250894e-05
1.000857e-04
1.082532e-04
1.170550e-04
1.265376e-04
1.367507e-04
1.477473e-04
1.595842e-04
1.723219e-04
1.860248e-04
2.007619e-04
2.166067e-04
2.336373e-04
2.519372e-04
2.715953e-04
2.927062e-04
3.153707e-04
3.396959e-04
3.657958e-04
3.937918e-04
4.238127e-04
4.559956e-04
4.904860e-04
5.274385e-04
5.670170e-04
6.093959e-04
6.547597e-04
7.033043e-04
7.552374e-04
8.107790e-04
8.701623e-04
9.336341e-04
1.001456e-03
1.073903e-03
1.151270e-03
1.233865e-03
1.322014e-03
1.416065e-03
1.516380e-03
1.623346e-03
1.737369e-03
1.858879e-03
1.988327e-03
2.126192e-03
2.272975e-03
2.429206e-03
2.595444e-03
2.772275e-03
2.960318e-03
3.160222e-03
3.372671e-03
3.598383e-03
3.838113e-03
4.092654e-03
4.362838e-03
4.649539e-03
4.953672e-03
5.276198e-03
5.618125e-03
5.980506e-03
6.364448e-03
6.771106e-03
7.201692e-03
7.657470e-03
8.139766e-03
8.649962e-03
9.189505e-03
9.759902e-03
1.036273e-02
1.099963e-02
1.167232e-02
1.238259e-02
1.313229e-02
1.392337e-02
1.475785e-02
1.563782e-02
1.656547e-02
1.754307e-02
1.857299e-02
1.965767e-02
2.079965e-02
2.200159e-02
2.326621e-02
2.459636e-02
2.599497e-02
2.746510e-02
2.900990e-02
3.063262e-02
3.233665e-02
3.412546e-02
3.600267e-02
3.797198e-02
4.003723e-02
4.220238e-02
4.447151e-02
4.684881e-02
4.933861e-02
5.194536e-02
5.467363e-02
5.752812e-02
6.051367e-02
6.363522e-02
6.689787e-02
7.030683e-02
7.386743e-02
7.758514e-02
8.146557e-02
8.551441e-02
8.973753e-02
9.414088e-02
9.873054e-02
1.035127e-01
1.084938e-01
1.136801e-01
1.190782e-01
1.246948e-01
1.305365e-01
1.366104e-01
1.429232e-01
1.494821e-01
1.562941e-01
1.633663e-01
1.707062e-01
1.783209e-01
1.862178e-01
1.944044e-01
2.028880e-01
2.116762e-01
2.207765e-01
2.301963e-01
2.399431e-01
2.500244e-01
2.604477e-01
2.712203e-01
2.823497e-01
2.938431e-01
3.057078e-01
3.179507e-01
3.305790e-01
3.435996e-01
3.570191e-01
3.708441e-01
3.850811e-01
3.997362e-01
4.148153e-01
4.303244e-01
4.462688e-01
4.626537e-01
4.794841e-01
4.967647e-01
5.144996e-01
5.326928e-01
5.513479e-01
5.704679e-01
5.900555e-01
6.101131e-01
6.306423e-01
6.516445e-01
6.731204e-01
6.950703e-01
7.174938e-01
7.403899e-01
7.637570e-01
7.875931e-01
8.118952e-01
8.366597e-01
8.618825e-01
8.875585e-01
9.136819e-01
9.402462e-01
9.672442e-01
9.946676e-01
1.022507e+00
1.050754e+00
1.079396e+00
1.108423e+00
1.137821e+00
1.167577e+00
1.197678e+00
1.228106e+00
1.258847e+00
1.289882e+00
1.321194e+00
1.352762e+00
1.384567e+00
1.416588e+00
1.448801e+00
1.481183e+00
1.513711e+00
1.546358e+00
1.579097e+00
1.611903e+00
1.644745e+00
1.677594e+00
1.710420e+00
1.743192e+00
1.775876e+00
1.808440e+00
1.840849e+00
1.873067e+00
1.905060e+00
1.936789e+00
1.968218e+00
1.999307e+00
2.030017e+00
2.060309e+00
2.090141e+00
2.119472e+00
2.148261e+00
2.176464e+00
2.204040e+00
2.230944e+00
2.257133e+00
2.282564e+00
2.307191e+00
2.330970e+00
2.353856e+00
2.375806e+00
2.396773e+00
2.416714e+00
2.435584e+00
2.453339e+00
2.469934e+00
2.485327e+00
2.499474e+00
2.512332e+00
2.523859e+00
2.534014e+00
2.542757e+00
2.550047e+00
2.555847e+00
2.560118e+00
2.562823e+00
2.563928e+00
2.563398e+00
2.561200e+00
2.557303e+00
2.551678e+00
2.544296e+00
2.535130e+00
2.524157e+00
2.511354e+00
2.496698e+00
2.480173e+00
2.461760e+00
2.441447e+00
2.419219e+00
2.395067e+00
2.368984e+00
2.340965e+00
2.311006e+00
2.279108e+00
2.245272e+00
2.209505e+00
2.171813e+00
2.132208e+00
2.090702e+00
2.047312e+00
2.002056e+00
1.954956e+00
1.906037e+00
1.855325e+00
1.802853e+00
1.748651e+00
1.692758e+00
1.635211e+00
1.576052e+00
1.515326e+00
1.453080e+00
1.389364e+00
1.324232e+00
1.257738e+00
1.189942e+00
1.120903e+00
1.050685e+00
9.793549e-01
9.069795e-01
8.336297e-01
7.593784e-01
6.843003e-01
6.084725e-01
5.319738e-01
4.548850e-01
3.772887e-01
2.992689e-01
2.209113e-01
1.423031e-01
6.353258e-02
-1.531077e-02
-9.413638e-02
-1.728528e-01
-2.513680e-01
-3.295890e-01
-4.074227e-01
-4.847755e-01
-5.615536e-01
-6.376633e-01
-7.130111e-01
-7.875034e-01
-8.610474e-01
-9.335508e-01
-1.004922e+00
-1.075070e+00
-1.143906e+00
-1.211341e+00
-1.277287e+00
-1.341660e+00
-1.404375e+00
-1.465350e+00
-1.524505e+00
-1.581761e+00
-1.637043e+00
-1.690278e+00
-1.741393e+00
-1.790321e+00
-1.836995e+00
-1.881353e+00
-1.923335e+00
-1.962884e+00
-1.999945e+00
-2.034469e+00
-2.066409e+00
-2.095720e+00
-2.122362e+00
-2.146300e+00
-2.167499e+00
-2.185932e+00
-2.201572e+00
-2.214398e+00
-2.224392e+00
-2.231540e+00
-2.235833e+00
-2.237265e+00
-2.235833e+00
