0.000000e+00
 1.000000e-12
2.016898e-12
3.061649e-12
4.150317e-12
5.298251e-12
6.521503e-12
7.837041e-12
9.262976e-12
1.081880e-11
1.252563e-11
1.440648e-11
1.648657e-11
1.879360e-11
2.135814e-11
2.421395e-11
2.739846e-11
3.095313e-11
3.492404e-11
3.936238e-11
4.432507e-11
4.987542e-11
5.608389e-11
6.302888e-11
7.079765e-11
7.948732e-11
8.920596e-11
1.000738e-10
1.122248e-10
1.258075e-10
1.409877e-10
1.579493e-10
1.768970e-10
1.980581e-10
2.216853e-10
2.480593e-10
2.774915e-10
3.103282e-10
3.469531e-10
3.877925e-10
4.333190e-10
4.840566e-10
5.405864e-10
6.035523e-10
6.736678e-10
7.517232e-10
8.385936e-10
9.352478e-10
1.042758e-09
1.162310e-09
1.295215e-09
1.442925e-09
1.607043e-09
1.789339e-09
1.991773e-09
2.216504e-09
2.465921e-09
2.742656e-09
3.049617e-09
3.390009e-09
3.767368e-09
4.185591e-09
4.648975e-09
5.162251e-09
5.730632e-09
6.359858e-09
7.056246e-09
7.826750e-09
8.679018e-09
9.621461e-09
1.066333e-08
1.181478e-08
1.308700e-08
1.449224e-08
1.604397e-08
1.775700e-08
1.964755e-08
2.173342e-08
2.403416e-08
2.657117e-08
2.936793e-08
3.245016e-08
3.584604e-08
3.958643e-08
4.370511e-08
4.823906e-08
5.322873e-08
5.871837e-08
6.475637e-08
7.139561e-08
7.869389e-08
8.671435e-08
9.552595e-08
1.052040e-07
1.158306e-07
1.274954e-07
1.402963e-07
1.543398e-07
1.697422e-07
1.866301e-07
2.051416e-07
2.254269e-07
2.476496e-07
2.719879e-07
2.986354e-07
3.278029e-07
3.597196e-07
3.946345e-07
4.328183e-07
4.745652e-07
5.201944e-07
5.700526e-07
6.245161e-07
6.839931e-07
7.489265e-07
8.197962e-07
8.971228e-07
9.814700e-07
1.073449e-06
1.173720e-06
1.283001e-06
1.402065e-06
1.531752e-06
1.672968e-06
1.826692e-06
1.993985e-06
2.175992e-06
2.373947e-06
2.589187e-06
2.823152e-06
3.077398e-06
3.353600e-06
3.653569e-06
3.979252e-06
4.332752e-06
4.716332e-06
5.132429e-06
5.583666e-06
6.072869e-06
6.603075e-06
7.177551e-06
7.799812e-06
8.473632e-06
9.203068e-06
9.992478e-06
1.084654e-05
1.177027e-05
1.276907e-05
1.384870e-05
1.501537e-05
1.627572e-05
1.763687e-05
1.910643e-05
2.069257e-05
2.240403e-05
2.425015e-05
2.624095e-05
2.838710e-05
3.070005e-05
3.319201e-05
3.587602e-05
3.876602e-05
4.187687e-05
4.522446e-05
4.882570e-05
5.269865e-05
5.686254e-05
6.133788e-05
6.614650e-05
7.131166e-05
7.685810e-05
8.281216e-05
8.920184e-05
9.605693e-05
1.034091e-04
1.112919e-04
1.197411e-04
1.287947e-04
1.384928e-04
1.488782e-04
1.599962e-04
1.718947e-04
1.846245e-04
1.982397e-04
2.127972e-04
2.283575e-04
2.449844e-04
2.627455e-04
2.817124e-04
3.019604e-04
3.235695e-04
3.466238e-04
3.712123e-04
3.974290e-04
4.253727e-04
4.551479e-04
4.868646e-04
5.206387e-04
5.565923e-04
5.948539e-04
6.355587e-04
6.788489e-04
7.248741e-04
7.737913e-04
8.257657e-04
8.809706e-04
9.395880e-04
1.001809e-03
1.067833e-03
1.137871e-03
1.212141e-03
1.290876e-03
1.374315e-03
1.462711e-03
1.556328e-03
1.655441e-03
1.760340e-03
1.871324e-03
1.988709e-03
2.112823e-03
2.244007e-03
2.382619e-03
2.529031e-03
2.683628e-03
2.846816e-03
3.019013e-03
3.200655e-03
3.392196e-03
3.594107e-03
3.806878e-03
4.031016e-03
4.267048e-03
4.515520e-03
4.776999e-03
5.052071e-03
5.341341e-03
5.645439e-03
5.965014e-03
6.300735e-03
6.653296e-03
7.023412e-03
7.411821e-03
7.819282e-03
8.246579e-03
8.694519e-03
9.163933e-03
9.655672e-03
1.017062e-02
1.070966e-02
1.127374e-02
1.186379e-02
1.248079e-02
1.312574e-02
1.379964e-02
1.450355e-02
1.523852e-02
1.600564e-02
1.680603e-02
1.764080e-02
1.851110e-02
1.941812e-02
2.036303e-02
2.134704e-02
2.237138e-02
2.343729e-02
2.454603e-02
2.569886e-02
2.689708e-02
2.814198e-02
2.943486e-02
3.077703e-02
3.216984e-02
3.361459e-02
3.511261e-02
3.666525e-02
3.827384e-02
3.993969e-02
4.166413e-02
4.344849e-02
4.529405e-02
4.720211e-02
4.917396e-02
5.121083e-02
5.331397e-02
5.548458e-02
5.772385e-02
6.003292e-02
6.241290e-02
6.486487e-02
6.738986e-02
6.998885e-02
7.266276e-02
7.541249e-02
7.823884e-02
8.114257e-02
8.412436e-02
8.718483e-02
9.032452e-02
9.354388e-02
9.684328e-02
1.002230e-01
1.036832e-01
1.072240e-01
1.108454e-01
1.145471e-01
1.183291e-01
1.221909e-01
1.261319e-01
1.301517e-01
1.342494e-01
1.384241e-01
1.426747e-01
1.470002e-01
1.513992e-01
1.558700e-01
1.604112e-01
1.650208e-01
1.696968e-01
1.744371e-01
1.792393e-01
1.841009e-01
1.890192e-01
1.939912e-01
1.990139e-01
2.040839e-01
2.091978e-01
2.143519e-01
2.195422e-01
2.247648e-01
2.300153e-01
2.352893e-01
2.405820e-01
2.458886e-01
2.512039e-01
2.565228e-01
2.618396e-01
2.671487e-01
2.724442e-01
2.777201e-01
2.829701e-01
2.881877e-01
2.933663e-01
2.984992e-01
3.035794e-01
3.085996e-01
3.135528e-01
3.184314e-01
3.232279e-01
3.279346e-01
3.325436e-01
3.370470e-01
3.414369e-01
3.457050e-01
3.498432e-01
3.538431e-01
3.576966e-01
3.613951e-01
3.649304e-01
3.682939e-01
3.714773e-01
3.744722e-01
3.772702e-01
3.798630e-01
3.822424e-01
3.844001e-01
3.863281e-01
3.880184e-01
3.894632e-01
3.906549e-01
3.915858e-01
3.922488e-01
3.926367e-01
3.927425e-01
3.925597e-01
3.920820e-01
3.913031e-01
3.902174e-01
3.888193e-01
3.871037e-01
3.850659e-01
3.827015e-01
3.800065e-01
3.769774e-01
3.736109e-01
3.699044e-01
3.658557e-01
3.614630e-01
3.567252e-01
3.516413e-01
3.462113e-01
3.404355e-01
3.343147e-01
3.278505e-01
3.210448e-01
3.139002e-01
3.064200e-01
2.986079e-01
2.904684e-01
2.820064e-01
2.732277e-01
2.641385e-01
2.547456e-01
2.450567e-01
2.350798e-01
2.248236e-01
2.142976e-01
2.035117e-01
1.924765e-01
1.812032e-01
1.697036e-01
1.579900e-01
1.460753e-01
1.339731e-01
1.216972e-01
1.092624e-01
9.668348e-02
8.397607e-02
7.115613e-02
5.824007e-02
4.524471e-02
3.218729e-02
1.908538e-02
5.956900e-03
-7.179914e-03
-2.030656e-02
-3.340428e-02
-4.645412e-02
-5.943692e-02
-7.233339e-02
-8.512414e-02
-9.778967e-02
-1.103105e-01
-1.226670e-01
-1.348399e-01
-1.468096e-01
-1.585569e-01
-1.700626e-01
-1.813078e-01
-1.922739e-01
-2.029422e-01
-2.132949e-01
-2.233140e-01
-2.329821e-01
-2.422825e-01
-2.511985e-01
-2.597141e-01
-2.678141e-01
-2.754835e-01
-2.827081e-01
-2.894743e-01
-2.957693e-01
-3.015809e-01
-3.068976e-01
-3.117089e-01
-3.160049e-01
-3.197766e-01
-3.230159e-01
-3.257156e-01
-3.278693e-01
-3.294717e-01
-3.305183e-01
-3.310057e-01
-3.309313e-01
-3.302936e-01
-3.290922e-01
-3.273276e-01
-3.250013e-01
-3.221158e-01
-3.186749e-01
-3.146830e-01
-3.101458e-01
-3.050701e-01
-2.994634e-01
-2.933345e-01
-2.866930e-01
-2.795495e-01
-2.719158e-01
-2.638043e-01
-2.552284e-01
-2.462027e-01
-2.367423e-01
-2.268633e-01
-2.165827e-01
-2.059181e-01
-1.948880e-01
-1.835116e-01
-1.718088e-01
-1.598000e-01
-1.475065e-01
-1.349498e-01
-1.221522e-01
-1.091364e-01
-9.592550e-02
-8.254305e-02
-6.901291e-02
-5.535923e-02
-4.160642e-02
-2.777909e-02
-1.390199e-02
8.282339e-09
1.390201e-02
0.000000e+00
 -1.000000e-12
-2.016920e-12
-3.061682e-12
-4.150362e-12
-5.298308e-12
-6.521573e-12
-7.837126e-12
-9.263076e-12
-1.081891e-11
-1.252576e-11
-1.440663e-11
-1.648674e-11
-1.879380e-11
-2.135837e-11
-2.421421e-11
-2.739875e-11
-3.095346e-11
-3.492441e-11
-3.936280e-11
-4.432554e-11
-4.987595e-11
-5.608448e-11
-6.302954e-11
-7.079839e-11
-7.948815e-11
-8.920689e-11
-1.000749e-10
-1.122259e-10
-1.258088e-10
-1.409892e-10
-1.579510e-10
-1.768988e-10
-1.980602e-10
-2.216876e-10
-2.480618e-10
-2.774944e-10
-3.103313e-10
-3.469567e-10
-3.877965e-10
-4.333233e-10
-4.840614e-10
-5.405918e-10
-6.035583e-10
-6.736745e-10
-7.517307e-10
-8.386019e-10
-9.352570e-10
-1.042768e-09
-1.162321e-09
-1.295228e-09
-1.442939e-09
-1.607058e-09
-1.789357e-09
-1.991792e-09
-2.216526e-09
-2.465945e-09
-2.742683e-09
-3.049646e-09
-3.390042e-09
-3.767404e-09
-4.185632e-09
-4.649019e-09
-5.162300e-09
-5.730686e-09
-6.359918e-09
-7.056313e-09
-7.826824e-09
-8.679099e-09
-9.621551e-09
-1.066343e-08
-1.181489e-08
-1.308712e-08
-1.449237e-08
-1.604412e-08
-1.775717e-08
-1.964773e-08
-2.173362e-08
-2.403438e-08
-2.657141e-08
-2.936820e-08
-3.245046e-08
-3.584637e-08
-3.958679e-08
-4.370551e-08
-4.823950e-08
-5.322921e-08
-5.871890e-08
-6.475695e-08
-7.139625e-08
-7.869460e-08
-8.671513e-08
-9.552680e-08
-1.052049e-07
-1.158316e-07
-1.274965e-07
-1.402975e-07
-1.543411e-07
-1.697437e-07
-1.866317e-07
-2.051434e-07
-2.254289e-07
-2.476518e-07
-2.719903e-07
-2.986380e-07
-3.278057e-07
-3.597227e-07
-3.946379e-07
-4.328220e-07
-4.745692e-07
-5.201988e-07
-5.700574e-07
-6.245214e-07
-6.839989e-07
-7.489328e-07
-8.198031e-07
-8.971303e-07
-9.814782e-07
-1.073458e-06
-1.173730e-06
-1.283012e-06
-1.402077e-06
-1.531765e-06
-1.672982e-06
-1.826707e-06
-1.994002e-06
-2.176009e-06
-2.373966e-06
-2.589208e-06
-2.823175e-06
-3.077423e-06
-3.353627e-06
-3.653598e-06
-3.979284e-06
-4.332787e-06
-4.716370e-06
-5.132469e-06
-5.583711e-06
-6.072917e-06
-6.603127e-06
-7.177608e-06
-7.799873e-06
-8.473698e-06
-9.203140e-06
-9.992555e-06
-1.084662e-05
-1.177036e-05
-1.276917e-05
-1.384881e-05
-1.501549e-05
-1.627585e-05
-1.763700e-05
-1.910657e-05
-2.069272e-05
-2.240420e-05
-2.425034e-05
-2.624114e-05
-2.838731e-05
-3.070028e-05
-3.319225e-05
-3.587628e-05
-3.876630e-05
-4.187718e-05
-4.522479e-05
-4.882606e-05
-5.269903e-05
-5.686296e-05
-6.133833e-05
-6.614698e-05
-7.131217e-05
-7.685865e-05
-8.281275e-05
-8.920248e-05
-9.605762e-05
-1.034098e-04
-1.112927e-04
-1.197420e-04
-1.287956e-04
-1.384938e-04
-1.488793e-04
-1.599973e-04
-1.718959e-04
-1.846258e-04
-1.982411e-04
-2.127987e-04
-2.283591e-04
-2.449861e-04
-2.627473e-04
-2.817143e-04
-3.019625e-04
-3.235717e-04
-3.466261e-04
-3.712148e-04
-3.974316e-04
-4.253755e-04
-4.551509e-04
-4.868678e-04
-5.206422e-04
-5.565960e-04
-5.948578e-04
-6.355629e-04
-6.788534e-04
-7.248788e-04
-7.737963e-04
-8.257710e-04
-8.809763e-04
-9.395940e-04
-1.001815e-03
-1.067840e-03
-1.137878e-03
-1.212149e-03
-1.290884e-03
-1.374324e-03
-1.462720e-03
-1.556338e-03
-1.655452e-03
-1.760351e-03
-1.871336e-03
-1.988722e-03
-2.112836e-03
-2.244021e-03
-2.382634e-03
-2.529046e-03
-2.683645e-03
-2.846833e-03
-3.019031e-03
-3.200674e-03
-3.392216e-03
-3.594128e-03
-3.806900e-03
-4.031040e-03
-4.267073e-03
-4.515547e-03
-4.777027e-03
-5.052100e-03
-5.341372e-03
-5.645472e-03
-5.965048e-03
-6.300771e-03
-6.653334e-03
-7.023452e-03
-7.411862e-03
-7.819326e-03
-8.246625e-03
-8.694568e-03
-9.163984e-03
-9.655726e-03
-1.017067e-02
-1.070972e-02
-1.127380e-02
-1.186386e-02
-1.248086e-02
-1.312581e-02
-1.379972e-02
-1.450363e-02
-1.523860e-02
-1.600573e-02
-1.680612e-02
-1.764089e-02
-1.851120e-02
-1.941822e-02
-2.036314e-02
-2.134715e-02
-2.237150e-02
-2.343741e-02
-2.454616e-02
-2.569900e-02
-2.689722e-02
-2.814212e-02
-2.943500e-02
-3.077719e-02
-3.217000e-02
-3.361475e-02
-3.511279e-02
-3.666544e-02
-3.827403e-02
-3.993989e-02
-4.166434e-02
-4.344870e-02
-4.529427e-02
-4.720234e-02
-4.917419e-02
-5.121107e-02
-5.331422e-02
-5.548484e-02
-5.772412e-02
-6.003320e-02
-6.241319e-02
-6.486518e-02
-6.739017e-02
-6.998917e-02
-7.266309e-02
-7.541283e-02
-7.823919e-02
-8.114293e-02
-8.412474e-02
-8.718522e-02
-9.032492e-02
-9.354429e-02
-9.684371e-02
-1.002234e-01
-1.036837e-01
-1.072245e-01
-1.108458e-01
-1.145476e-01
-1.183296e-01
-1.221914e-01
-1.261325e-01
-1.301522e-01
-1.342499e-01
-1.384246e-01
-1.426753e-01
-1.470008e-01
-1.513998e-01
-1.558707e-01
-1.604118e-01
-1.650214e-01
-1.696975e-01
-1.744378e-01
-1.792401e-01
-1.841017e-01
-1.890200e-01
-1.939920e-01
-1.990147e-01
-2.040847e-01
-2.091986e-01
-2.143527e-01
-2.195431e-01
-2.247657e-01
-2.300162e-01
-2.352902e-01
-2.405829e-01
-2.458895e-01
-2.512049e-01
-2.565237e-01
-2.618405e-01
-2.671496e-01
-2.724452e-01
-2.777211e-01
-2.829711e-01
-2.881887e-01
-2.933673e-01
-2.985002e-01
-3.035804e-01
-3.086007e-01
-3.135539e-01
-3.184325e-01
-3.232290e-01
-3.279356e-01
-3.325447e-01
-3.370481e-01
-3.414380e-01
-3.457061e-01
-3.498443e-01
-3.538443e-01
-3.576977e-01
-3.613963e-01
-3.649315e-01
-3.682951e-01
-3.714785e-01
-3.744734e-01
-3.772714e-01
-3.798642e-01
-3.822435e-01
-3.844012e-01
-3.863292e-01
-3.880195e-01
-3.894643e-01
-3.906560e-01
-3.915869e-01
-3.922499e-01
-3.926378e-01
-3.927436e-01
-3.925608e-01
-3.920830e-01
-3.913042e-01
-3.902184e-01
-3.888203e-01
-3.871047e-01
-3.850669e-01
-3.827025e-01
-3.800075e-01
-3.769783e-01
-3.736119e-01
-3.699054e-01
-3.658566e-01
-3.614639e-01
-3.567260e-01
-3.516422e-01
-3.462122e-01
-3.404363e-01
-3.343155e-01
-3.278513e-01
-3.210455e-01
-3.139009e-01
-3.064207e-01
-2.986086e-01
-2.904690e-01
-2.820071e-01
-2.732283e-01
-2.641391e-01
-2.547462e-01
-2.450572e-01
-2.350802e-01
-2.248241e-01
-2.142980e-01
-2.035121e-01
-1.924769e-01
-1.812035e-01
-1.697039e-01
-1.579903e-01
-1.460756e-01
-1.339733e-01
-1.216975e-01
-1.092626e-01
-9.668366e-02
-8.397622e-02
-7.115626e-02
-5.824017e-02
-4.524479e-02
-3.218735e-02
-1.908541e-02
-5.956910e-03
7.179926e-03
2.030659e-02
3.340434e-02
4.645419e-02
5.943701e-02
7.233351e-02
8.512427e-02
9.778982e-02
1.103106e-01
1.226672e-01
1.348401e-01
1.468098e-01
1.585571e-01
1.700628e-01
1.813081e-01
1.922741e-01
2.029425e-01
2.132951e-01
2.233142e-01
2.329824e-01
2.422828e-01
2.511988e-01
2.597145e-01
2.678144e-01
2.754838e-01
2.827084e-01
2.894746e-01
2.957696e-01
3.015812e-01
3.068979e-01
3.117092e-01
3.160052e-01
3.197769e-01
3.230162e-01
3.257159e-01
3.278696e-01
3.294720e-01
3.305186e-01
3.310060e-01
3.309316e-01
3.302939e-01
3.290925e-01
3.273278e-01
3.250015e-01
3.221161e-01
3.186751e-01
3.146832e-01
3.101460e-01
3.050703e-01
2.994636e-01
2.933347e-01
2.866931e-01
2.795497e-01
2.719159e-01
2.638044e-01
2.552286e-01
2.462028e-01
2.367424e-01
2.268634e-01
2.165828e-01
2.059182e-01
1.948881e-01
1.835117e-01
1.718088e-01
1.598001e-01
1.475065e-01
1.349498e-01
1.221522e-01
1.091364e-01
9.592551e-02
8.254306e-02
6.901292e-02
5.535924e-02
4.160642e-02
2.777909e-02
1.390199e-02
-8.282339e-09
-1.390201e-02
