0.000000e+00
3.406311e-15
6.874532e-15
1.044489e-14
1.417647e-14
1.812596e-14
2.235292e-14
2.692058e-14
3.189684e-14
3.735516e-14
4.337562e-14
5.004604e-14
5.746315e-14
6.573393e-14
7.497704e-14
8.532442e-14
9.692301e-14
1.099367e-13
1.245486e-13
1.409632e-13
1.594091e-13
1.801421e-13
2.034484e-13
2.296479e-13
2.590990e-13
2.922025e-13
3.294066e-13
3.712129e-13
4.181826e-13
4.709428e-13
5.301951e-13
5.967235e-13
6.714041e-13
7.552159e-13
8.492524e-13
9.547346e-13
1.073026e-12
1.205648e-12
1.354298e-12
1.520871e-12
1.707478e-12
1.916475e-12
2.150485e-12
2.412435e-12
2.705583e-12
3.033556e-12
3.400396e-12
3.810599e-12
4.269170e-12
4.781675e-12
5.354305e-12
5.993945e-12
6.708244e-12
7.505707e-12
8.395776e-12
9.388943e-12
1.049685e-11
1.173243e-11
1.311003e-11
1.464555e-11
1.635665e-11
1.826290e-11
2.038598e-11
2.274992e-11
2.538136e-11
2.830976e-11
3.156779e-11
3.519157e-11
3.922109e-11
4.370057e-11
4.867893e-11
5.421025e-11
6.035431e-11
6.717715e-11
7.475174e-11
8.315866e-11
9.248687e-11
1.028346e-10
1.143101e-10
1.270329e-10
1.411349e-10
1.567613e-10
1.740723e-10
1.932444e-10
2.144719e-10
2.379689e-10
2.639710e-10
2.927377e-10
3.245543e-10
3.597347e-10
3.986240e-10
4.416019e-10
4.890852e-10
5.415323e-10
5.994465e-10
6.633805e-10
7.339409e-10
8.117937e-10
8.976693e-10
9.923691e-10
1.096772e-09
1.211840e-09
1.338630e-09
1.478297e-09
1.632108e-09
1.801451e-09
1.987842e-09
2.192942e-09
2.418570e-09
2.666712e-09
2.939540e-09
3.239432e-09
3.568980e-09
3.931021e-09
4.328651e-09
4.765250e-09
5.244507e-09
5.770447e-09
6.347463e-09
6.980343e-09
7.674306e-09
8.435043e-09
9.268753e-09
1.018219e-08
1.118270e-08
1.227829e-08
1.347767e-08
1.479032e-08
1.622655e-08
1.779755e-08
1.951551e-08
2.139368e-08
2.344642e-08
2.568935e-08
2.813944e-08
3.081508e-08
3.373624e-08
3.692459e-08
4.040360e-08
4.419876e-08
4.833765e-08
5.285018e-08
5.776874e-08
6.312839e-08
6.896710e-08
7.532595e-08
8.224937e-08
8.978545e-08
9.798614e-08
1.069076e-07
1.166106e-07
1.271606e-07
1.386285e-07
1.510906e-07
1.646295e-07
1.793342e-07
1.953007e-07
2.126325e-07
2.314412e-07
2.518469e-07
2.739793e-07
2.979778e-07
3.239927e-07
3.521854e-07
3.827301e-07
4.158138e-07
4.516375e-07
4.904177e-07
5.323866e-07
5.777940e-07
6.269079e-07
6.800163e-07
7.374281e-07
7.994749e-07
8.665124e-07
9.389218e-07
1.017112e-06
1.101521e-06
1.192618e-06
1.290907e-06
1.396924e-06
1.511247e-06
1.634490e-06
1.767315e-06
1.910425e-06
2.064575e-06
2.230569e-06
2.409268e-06
2.601590e-06
2.808517e-06
3.031095e-06
3.270442e-06
3.527747e-06
3.804283e-06
4.101402e-06
4.420548e-06
4.763256e-06
5.131164e-06
5.526014e-06
5.949660e-06
6.404073e-06
6.891353e-06
7.413727e-06
7.973567e-06
8.573390e-06
9.215871e-06
9.903850e-06
1.064034e-05
1.142854e-05
1.227184e-05
1.317384e-05
1.413834e-05
1.516940e-05
1.627129e-05
1.744853e-05
1.870594e-05
2.004857e-05
2.148181e-05
2.301133e-05
2.464314e-05
2.638357e-05
2.823933e-05
3.021749e-05
3.232553e-05
3.457133e-05
3.696320e-05
3.950993e-05
4.222074e-05
4.510540e-05
4.817415e-05
5.143782e-05
5.490779e-05
5.859602e-05
6.251512e-05
6.667834e-05
7.109960e-05
7.579353e-05
8.077551e-05
8.606169e-05
9.166900e-05
9.761522e-05
1.039190e-04
1.105999e-04
1.176785e-04
1.251761e-04
1.331153e-04
1.415196e-04
1.504137e-04
1.598233e-04
1.697755e-04
1.802983e-04
1.914213e-04
2.031752e-04
2.155921e-04
2.287056e-04
2.425505e-04
2.571635e-04
2.725825e-04
2.888471e-04
3.059987e-04
3.240801e-04
3.431362e-04
3.632134e-04
3.843601e-04
4.066267e-04
4.300654e-04
4.547305e-04
4.806783e-04
5.079674e-04
5.366583e-04
5.668140e-04
5.984996e-04
6.317827e-04
6.667331e-04
7.034233e-04
7.419280e-04
7.823247e-04
8.246933e-04
8.691165e-04
9.156796e-04
9.644706e-04
1.015580e-03
1.069103e-03
1.125134e-03
1.183773e-03
1.245123e-03
1.309289e-03
1.376380e-03
1.446506e-03
1.519782e-03
1.596325e-03
1.676256e-03
1.759699e-03
1.846780e-03
1.937628e-03
2.032378e-03
2.131165e-03
2.234127e-03
2.341408e-03
2.453151e-03
2.569507e-03
2.690625e-03
2.816659e-03
2.947768e-03
3.084110e-03
3.225849e-03
3.373149e-03
3.526179e-03
3.685108e-03
3.850111e-03
4.021362e-03
4.199039e-03
4.383320e-03
4.574389e-03
4.772428e-03
4.977623e-03
5.190159e-03
5.410225e-03
5.638010e-03
5.873705e-03
6.117499e-03
6.369585e-03
6.630155e-03
6.899399e-03
7.177510e-03
7.464680e-03
7.761098e-03
8.066956e-03
8.382440e-03
8.707739e-03
9.043036e-03
9.388516e-03
9.744359e-03
1.011074e-02
1.048784e-02
1.087582e-02
1.127485e-02
1.168510e-02
1.210672e-02
1.253987e-02
1.298468e-02
1.344131e-02
1.390988e-02
1.439053e-02
1.488337e-02
1.538852e-02
1.590608e-02
1.643614e-02
1.697879e-02
1.753411e-02
1.810217e-02
1.868302e-02
1.927669e-02
1.988324e-02
2.050267e-02
2.113500e-02
2.178021e-02
2.243830e-02
2.310922e-02
2.379293e-02
2.448937e-02
2.519845e-02
2.592009e-02
2.665417e-02
2.740056e-02
2.815912e-02
2.892969e-02
2.971208e-02
3.050609e-02
3.131151e-02
3.212810e-02
3.295559e-02
3.379371e-02
3.464217e-02
3.550063e-02
3.636876e-02
3.724621e-02
3.813258e-02
3.902746e-02
3.993045e-02
4.084107e-02
4.175888e-02
4.268336e-02
4.361401e-02
4.455029e-02
4.549165e-02
4.643749e-02
4.738721e-02
4.834020e-02
4.929579e-02
5.025334e-02
5.121213e-02
5.217147e-02
5.313062e-02
5.408883e-02
5.504532e-02
5.599932e-02
5.694999e-02
5.789653e-02
5.883807e-02
5.977376e-02
6.070271e-02
6.162404e-02
6.253682e-02
6.344014e-02
6.433305e-02
6.521460e-02
6.608383e-02
6.693976e-02
6.778142e-02
6.860780e-02
6.941791e-02
7.021075e-02
7.098529e-02
7.174053e-02
7.247545e-02
7.318902e-02
7.388022e-02
7.454804e-02
7.519146e-02
7.580947e-02
7.640105e-02
7.696520e-02
7.750093e-02
7.800726e-02
7.848321e-02
7.892781e-02
7.934013e-02
7.971922e-02
8.006417e-02
8.037409e-02
8.064809e-02
8.088531e-02
8.108493e-02
8.124614e-02
8.136814e-02
8.145019e-02
8.149155e-02
8.149152e-02
8.144944e-02
8.136467e-02
8.123661e-02
8.106470e-02
8.084840e-02
8.058723e-02
8.028074e-02
7.992851e-02
7.953017e-02
7.908540e-02
7.859391e-02
7.805546e-02
7.746985e-02
7.683694e-02
7.615663e-02
7.542886e-02
7.465362e-02
7.383096e-02
7.296097e-02
7.204379e-02
7.107962e-02
7.006869e-02
6.901130e-02
6.790779e-02
6.675856e-02
6.556405e-02
6.432476e-02
6.304124e-02
6.171408e-02
6.034394e-02
5.893150e-02
5.747752e-02
5.598279e-02
5.444816e-02
5.287451e-02
5.126279e-02
4.961397e-02
4.792908e-02
4.620919e-02
4.445543e-02
4.266893e-02
4.085090e-02
3.900257e-02
3.712521e-02
3.522013e-02
3.328868e-02
3.133221e-02
2.935215e-02
2.734993e-02
2.532700e-02
2.328487e-02
2.122504e-02
1.914905e-02
1.705846e-02
1.495484e-02
1.283978e-02
1.071489e-02
8.581793e-03
6.442114e-03
4.297492e-03
2.149571e-03
2.134014e-10
-2.149571e-03
-4.297492e-03
-6.442114e-03
-8.581793e-03
-1.071489e-02
-1.283978e-02
-1.495484e-02
-1.705846e-02
-1.914905e-02
-2.122504e-02
-2.328487e-02
-2.532700e-02
-2.734993e-02
-2.935215e-02
-3.133221e-02
-3.328868e-02
-3.522013e-02
-3.712521e-02
-3.900257e-02
-4.085090e-02
-4.266893e-02
-4.445543e-02
-4.620919e-02
-4.792908e-02
-4.961397e-02
-5.126279e-02
-5.287451e-02
-5.444816e-02
-5.598279e-02
-5.747752e-02
-5.893150e-02
-6.034394e-02
-6.171408e-02
-6.304124e-02
-6.432476e-02
-6.556405e-02
-6.675856e-02
-6.790779e-02
-6.901130e-02
-7.006869e-02
-7.107962e-02
-7.204379e-02
-7.296097e-02
-7.383096e-02
-7.465362e-02
-7.542886e-02
-7.615663e-02
-7.683694e-02
-7.746985e-02
-7.805546e-02
-7.859391e-02
-7.908540e-02
-7.953017e-02
-7.992851e-02
-8.028074e-02
-8.058723e-02
-8.084840e-02
-8.106470e-02
-8.123661e-02
-8.136467e-02
-8.144944e-02
-8.149152e-02
-8.149155e-02
-8.145019e-02
-8.136814e-02
-8.124614e-02
-8.108493e-02
-8.088531e-02
-8.064809e-02
-8.037409e-02
-8.006417e-02
-7.971922e-02
-7.934013e-02
-7.892781e-02
-7.848321e-02
-7.800726e-02
-7.750093e-02
-7.696520e-02
-7.640105e-02
-7.580947e-02
-7.519146e-02
-7.454804e-02
-7.388022e-02
-7.318902e-02
-7.247545e-02
-7.174053e-02
-7.098529e-02
-7.021075e-02
-6.941791e-02
-6.860780e-02
-6.778142e-02
-6.693976e-02
-6.608383e-02
-6.521460e-02
-6.433305e-02
-6.344014e-02
-6.253682e-02
-6.162404e-02
-6.070271e-02
-5.977376e-02
-5.883807e-02
-5.789653e-02
-5.694999e-02
-5.599932e-02
-5.504532e-02
-5.408883e-02
-5.313062e-02
-5.217147e-02
-5.121213e-02
-5.025334e-02
-4.929579e-02
-4.834020e-02
-4.738721e-02
-4.643749e-02
-4.549165e-02
-4.455029e-02
-4.361401e-02
-4.268336e-02
-4.175888e-02
-4.084107e-02
-3.993045e-02
-3.902746e-02
-3.813258e-02
-3.724621e-02
-3.636876e-02
-3.550063e-02
-3.464217e-02
-3.379371e-02
-3.295559e-02
-3.212810e-02
-3.131151e-02
-3.050609e-02
-2.971208e-02
-2.892969e-02
-2.815912e-02
-2.740056e-02
-2.665417e-02
-2.592009e-02
-2.519845e-02
-2.448937e-02
-2.379293e-02
-2.310922e-02
-2.243830e-02
-2.178021e-02
-2.113500e-02
-2.050267e-02
-1.988324e-02
-1.927669e-02
-1.868302e-02
-1.810217e-02
-1.753411e-02
-1.697879e-02
-1.643614e-02
-1.590608e-02
-1.538852e-02
-1.488337e-02
-1.439053e-02
-1.390988e-02
-1.344131e-02
-1.298468e-02
-1.253987e-02
-1.210672e-02
-1.168510e-02
-1.127485e-02
-1.087582e-02
-1.048784e-02
-1.011074e-02
-9.744359e-03
-9.388516e-03
-9.043036e-03
-8.707739e-03
-8.382440e-03
-8.066956e-03
-7.761098e-03
-7.464680e-03
-7.177510e-03
-6.899399e-03
-6.630155e-03
-6.369585e-03
-6.117499e-03
-5.873705e-03
-5.638010e-03
-5.410225e-03
-5.190159e-03
-4.977623e-03
-4.772428e-03
-4.574389e-03
-4.383320e-03
-4.199039e-03
-4.021362e-03
-3.850111e-03
-3.685108e-03
-3.526179e-03
-3.373149e-03
-3.225849e-03
-3.084110e-03
-2.947768e-03
-2.816659e-03
-2.690625e-03
-2.569507e-03
-2.453151e-03
-2.341408e-03
-2.234127e-03
-2.131165e-03
-2.032378e-03
-1.937628e-03
-1.846780e-03
-1.759699e-03
-1.676256e-03
-1.596325e-03
-1.519782e-03
-1.446506e-03
-1.376380e-03
-1.309289e-03
-1.245123e-03
-1.183773e-03
-1.125134e-03
-1.069103e-03
-1.015580e-03
-9.644706e-04
-9.156796e-04
-8.691165e-04
-8.246933e-04
-7.823247e-04
-7.419280e-04
-7.034233e-04
-6.667331e-04
-6.317827e-04
-5.984996e-04
-5.668140e-04
-5.366583e-04
-5.079674e-04
-4.806783e-04
-4.547305e-04
-4.300654e-04
-4.066267e-04
-3.843601e-04
-3.632134e-04
-3.431362e-04
-3.240801e-04
-3.059987e-04
-2.888471e-04
-2.725825e-04
-2.571635e-04
-2.425505e-04
-2.287056e-04
-2.155921e-04
-2.031752e-04
-1.914213e-04
-1.802983e-04
-1.697755e-04
-1.598233e-04
-1.504137e-04
-1.415196e-04
-1.331153e-04
-1.251761e-04
-1.176785e-04
-1.105999e-04
-1.039190e-04
-9.761522e-05
-9.166900e-05
-8.606169e-05
-8.077551e-05
-7.579353e-05
-7.109960e-05
-6.667834e-05
-6.251512e-05
-5.859602e-05
-5.490779e-05
-5.143782e-05
-4.817415e-05
-4.510540e-05
-4.222074e-05
-3.950993e-05
-3.696320e-05
-3.457133e-05
-3.232553e-05
-3.021749e-05
-2.823933e-05
-2.638357e-05
-2.464314e-05
-2.301133e-05
-2.148181e-05
-2.004857e-05
-1.870594e-05
-1.744853e-05
-1.627129e-05
-1.516940e-05
-1.413834e-05
-1.317384e-05
-1.227184e-05
-1.142854e-05
-1.064034e-05
-9.903850e-06
-9.215871e-06
-8.573390e-06
-7.973567e-06
-7.413727e-06
-6.891353e-06
-6.404073e-06
-5.949660e-06
-5.526014e-06
-5.131164e-06
-4.763256e-06
-4.420548e-06
-4.101402e-06
-3.804283e-06
-3.527747e-06
-3.270442e-06
-3.031095e-06
-2.808517e-06
-2.601590e-06
-2.409268e-06
-2.230569e-06
-2.064575e-06
-1.910425e-06
-1.767315e-06
-1.634490e-06
-1.511247e-06
-1.396924e-06
-1.290907e-06
-1.192618e-06
-1.101521e-06
-1.017112e-06
-9.389218e-07
-8.665124e-07
-7.994749e-07
-7.374281e-07
-6.800163e-07
-6.269079e-07
-5.777940e-07
-5.323866e-07
-4.904177e-07
-4.516375e-07
-4.158138e-07
-3.827301e-07
-3.521854e-07
-3.239927e-07
-2.979778e-07
-2.739793e-07
-2.518469e-07
-2.314412e-07
-2.126325e-07
-1.953007e-07
-1.793342e-07
-1.646295e-07
-1.510906e-07
-1.386285e-07
-1.271606e-07
-1.166106e-07
-1.069076e-07
-9.798614e-08
-8.978545e-08
-8.224937e-08
-7.532595e-08
-6.896710e-08
-6.312839e-08
-5.776874e-08
-5.285018e-08
-4.833765e-08
-4.419876e-08
-4.040360e-08
-3.692459e-08
-3.373624e-08
-3.081508e-08
-2.813944e-08
-2.568935e-08
-2.344642e-08
-2.139368e-08
-1.951551e-08
-1.779755e-08
-1.622655e-08
-1.479032e-08
-1.347767e-08
-1.227829e-08
-1.118270e-08
-1.018219e-08
-9.268753e-09
-8.435043e-09
-7.674306e-09
-6.980343e-09
-6.347463e-09
-5.770447e-09
-5.244507e-09
-4.765250e-09
-4.328651e-09
-3.931021e-09
-3.568980e-09
-3.239432e-09
-2.939540e-09
-2.666712e-09
-2.418570e-09
-2.192942e-09
-1.987842e-09
-1.801451e-09
-1.632108e-09
-1.478297e-09
-1.338630e-09
-1.211840e-09
-1.096772e-09
-9.923691e-10
-8.976693e-10
-8.117937e-10
-7.339409e-10
-6.633805e-10
-5.994465e-10
-5.415323e-10
-4.890852e-10
-4.416019e-10
-3.986240e-10
-3.597347e-10
-3.245543e-10
-2.927377e-10
-2.639710e-10
-2.379689e-10
-2.144719e-10
-1.932444e-10
-1.740723e-10
-1.567613e-10
-1.411349e-10
-1.270329e-10
-1.143101e-10
-1.028346e-10
-9.248687e-11
-8.315866e-11
-7.475174e-11
-6.717715e-11
-6.035431e-11
-5.421025e-11
-4.867893e-11
-4.370057e-11
-3.922109e-11
-3.519157e-11
-3.156779e-11
-2.830976e-11
-2.538136e-11
-2.274992e-11
-2.038598e-11
-1.826290e-11
-1.635665e-11
-1.464555e-11
-1.311003e-11
-1.173243e-11
-1.049685e-11
-9.388943e-12
-8.395776e-12
-7.505707e-12
-6.708244e-12
-5.993945e-12
-5.354305e-12
-4.781675e-12
-4.269170e-12
-3.810599e-12
-3.400396e-12
-3.033556e-12
-2.705583e-12
-2.412435e-12
-2.150485e-12
-1.916475e-12
-1.707478e-12
-1.520871e-12
-1.354298e-12
-1.205648e-12
-1.073026e-12
-9.547346e-13
-8.492524e-13
-7.552159e-13
-6.714041e-13
-5.967235e-13
-5.301951e-13
-4.709428e-13
-4.181826e-13
-3.712129e-13
-3.294066e-13
-2.922025e-13
-2.590990e-13
-2.296479e-13
-2.034484e-13
-1.801421e-13
-1.594091e-13
-1.409632e-13
-1.245486e-13
-1.099367e-13
-9.692301e-14
-8.532442e-14
-7.497704e-14
-6.573393e-14
-5.746315e-14
-5.004604e-14
-4.337562e-14
-3.735516e-14
-3.189684e-14
-2.692058e-14
-2.235292e-14
-1.812596e-14
-1.417647e-14
-1.044489e-14
-6.874532e-15
-3.406311e-15
0.000000e+00
