0.000000e+00
3.059907e-16
6.177264e-16
9.389437e-16
1.275136e-15
1.631585e-15
2.013845e-15
2.427835e-15
2.879921e-15
3.377009e-15
3.926650e-15
4.537145e-15
5.217664e-15
5.978374e-15
6.830583e-15
7.786900e-15
8.861403e-15
1.006984e-14
1.142982e-14
1.296111e-14
1.468582e-14
1.662877e-14
1.881779e-14
2.128408e-14
2.406266e-14
2.719277e-14
3.071846e-14
3.468908e-14
3.916001e-14
4.419329e-14
4.985846e-14
5.623344e-14
6.340552e-14
7.147246e-14
8.054373e-14
9.074186e-14
1.022040e-13
1.150835e-13
1.295520e-13
1.458015e-13
1.640465e-13
1.845266e-13
2.075100e-13
2.332958e-13
2.622183e-13
2.946505e-13
3.310091e-13
3.717586e-13
4.174176e-13
4.685642e-13
5.258430e-13
5.899725e-13
6.617533e-13
7.420775e-13
8.319383e-13
9.324419e-13
1.044819e-12
1.170441e-12
1.310830e-12
1.467683e-12
1.642884e-12
1.838528e-12
2.056944e-12
2.300718e-12
2.572724e-12
2.876153e-12
3.214544e-12
3.591829e-12
4.012368e-12
4.480998e-12
5.003080e-12
5.584561e-12
6.232028e-12
6.952782e-12
7.754908e-12
8.647359e-12
9.640047e-12
1.074394e-11
1.197118e-11
1.333518e-11
1.485080e-11
1.653445e-11
1.840426e-11
2.048027e-11
2.278463e-11
2.534177e-11
2.817869e-11
3.132518e-11
3.481409e-11
3.868169e-11
4.296794e-11
4.771693e-11
5.297724e-11
5.880238e-11
6.525132e-11
7.238900e-11
8.028689e-11
8.902368e-11
9.868593e-11
1.093689e-10
1.211773e-10
1.342262e-10
1.486423e-10
1.645645e-10
1.821456e-10
2.015534e-10
2.229721e-10
2.466037e-10
2.726701e-10
3.014146e-10
3.331039e-10
3.680308e-10
4.065157e-10
4.489101e-10
4.955988e-10
5.470032e-10
6.035849e-10
6.658489e-10
7.343478e-10
8.096862e-10
8.925252e-10
9.835876e-10
1.083664e-09
1.193616e-09
1.314388e-09
1.447010e-09
1.592606e-09
1.752402e-09
1.927738e-09
2.120075e-09
2.331005e-09
2.562265e-09
2.815747e-09
3.093514e-09
3.397812e-09
3.731087e-09
4.096003e-09
4.495458e-09
4.932607e-09
5.410880e-09
5.934007e-09
6.506045e-09
7.131401e-09
7.814865e-09
8.561639e-09
9.377373e-09
1.026820e-08
1.124077e-08
1.230232e-08
1.346067e-08
1.472431e-08
1.610246e-08
1.760508e-08
1.924301e-08
2.102793e-08
2.297254e-08
2.509056e-08
2.739684e-08
2.990746e-08
3.263978e-08
3.561261e-08
3.884626e-08
4.236268e-08
4.618559e-08
5.034060e-08
5.485536e-08
5.975972e-08
6.508590e-08
7.086863e-08
7.714539e-08
8.395659e-08
9.134576e-08
9.935983e-08
1.080493e-07
1.174687e-07
1.276765e-07
1.387359e-07
1.507146e-07
1.636857e-07
1.777276e-07
1.929247e-07
2.093677e-07
2.271539e-07
2.463881e-07
2.671825e-07
2.896577e-07
3.139432e-07
3.401776e-07
3.685100e-07
3.991000e-07
4.321185e-07
4.677491e-07
5.061879e-07
5.476454e-07
5.923466e-07
6.405326e-07
6.924610e-07
7.484078e-07
8.086676e-07
8.735558e-07
9.434091e-07
1.018587e-06
1.099475e-06
1.186482e-06
1.280047e-06
1.380637e-06
1.488750e-06
1.604918e-06
1.729708e-06
1.863724e-06
2.007610e-06
2.162050e-06
2.327775e-06
2.505561e-06
2.696236e-06
2.900679e-06
3.119825e-06
3.354668e-06
3.606266e-06
3.875741e-06
4.164286e-06
4.473167e-06
4.803730e-06
5.157401e-06
5.535693e-06
5.940212e-06
6.372659e-06
6.834838e-06
7.328661e-06
7.856151e-06
8.419452e-06
9.020834e-06
9.662697e-06
1.034758e-05
1.107817e-05
1.185731e-05
1.268800e-05
1.357341e-05
1.451689e-05
1.552198e-05
1.659240e-05
1.773210e-05
1.894524e-05
2.023619e-05
2.160958e-05
2.307027e-05
2.462339e-05
2.627434e-05
2.802881e-05
2.989277e-05
3.187254e-05
3.397472e-05
3.620629e-05
3.857455e-05
4.108721e-05
4.375233e-05
4.657839e-05
4.957431e-05
5.274942e-05
5.611352e-05
5.967689e-05
6.345029e-05
6.744502e-05
7.167291e-05
7.614632e-05
8.087824e-05
8.588222e-05
9.117245e-05
9.676379e-05
1.026717e-04
1.089125e-04
1.155030e-04
1.224610e-04
1.298049e-04
1.375540e-04
1.457284e-04
1.543491e-04
1.634379e-04
1.730175e-04
1.831118e-04
1.937454e-04
2.049440e-04
2.167344e-04
2.291445e-04
2.422031e-04
2.559405e-04
2.703877e-04
2.855773e-04
3.015431e-04
3.183199e-04
3.359441e-04
3.544534e-04
3.738867e-04
3.942845e-04
4.156888e-04
4.381428e-04
4.616915e-04
4.863813e-04
5.122603e-04
5.393781e-04
5.677861e-04
5.975374e-04
6.286866e-04
6.612902e-04
6.954067e-04
7.310960e-04
7.684203e-04
8.074433e-04
8.482308e-04
8.908507e-04
9.353725e-04
9.818679e-04
1.030411e-03
1.081077e-03
1.133944e-03
1.189091e-03
1.246602e-03
1.306560e-03
1.369051e-03
1.434163e-03
1.501988e-03
1.572618e-03
1.646147e-03
1.722674e-03
1.802296e-03
1.885116e-03
1.971238e-03
2.060766e-03
2.153808e-03
2.250476e-03
2.350880e-03
2.455134e-03
2.563356e-03
2.675664e-03
2.792177e-03
2.913018e-03
3.038310e-03
3.168181e-03
3.302757e-03
3.442168e-03
3.586546e-03
3.736022e-03
3.890733e-03
4.050813e-03
4.216399e-03
4.387631e-03
4.564649e-03
4.747592e-03
4.936603e-03
5.131826e-03
5.333403e-03
5.541480e-03
5.756200e-03
5.977710e-03
6.206155e-03
6.441681e-03
6.684434e-03
6.934559e-03
7.192203e-03
7.457510e-03
7.730624e-03
8.011688e-03
8.300847e-03
8.598240e-03
8.904008e-03
9.218290e-03
9.541222e-03
9.872938e-03
1.021357e-02
1.056326e-02
1.092211e-02
1.129027e-02
1.166785e-02
1.205498e-02
1.245175e-02
1.285830e-02
1.327472e-02
1.370112e-02
1.413759e-02
1.458424e-02
1.504115e-02
1.550840e-02
1.598607e-02
1.647423e-02
1.697296e-02
1.748231e-02
1.800234e-02
1.853309e-02
1.907460e-02
1.962691e-02
2.019004e-02
2.076402e-02
2.134884e-02
2.194452e-02
2.255105e-02
2.316841e-02
2.379657e-02
2.443551e-02
2.508519e-02
2.574554e-02
2.641652e-02
2.709804e-02
2.779004e-02
2.849240e-02
2.920505e-02
2.992785e-02
3.066069e-02
3.140344e-02
3.215595e-02
3.291806e-02
3.368961e-02
3.447042e-02
3.526029e-02
3.605904e-02
3.686644e-02
3.768226e-02
3.850629e-02
3.933826e-02
4.017792e-02
4.102500e-02
4.187921e-02
4.274027e-02
4.360787e-02
4.448168e-02
4.536140e-02
4.624667e-02
4.713715e-02
4.803248e-02
4.893229e-02
4.983620e-02
5.074380e-02
5.165472e-02
5.256852e-02
5.348480e-02
5.440312e-02
5.532304e-02
5.624412e-02
5.716590e-02
5.808791e-02
5.900968e-02
5.993074e-02
6.085059e-02
6.176875e-02
6.268471e-02
6.359797e-02
6.450802e-02
6.541434e-02
6.631642e-02
6.721373e-02
6.810574e-02
6.899193e-02
6.987176e-02
7.074469e-02
7.161020e-02
7.246774e-02
7.331678e-02
7.415678e-02
7.498721e-02
7.580752e-02
7.661719e-02
7.741569e-02
7.820249e-02
7.897707e-02
7.973890e-02
8.048747e-02
8.122227e-02
8.194281e-02
8.264857e-02
8.333908e-02
8.401384e-02
8.467239e-02
8.531425e-02
8.593898e-02
8.654613e-02
8.713525e-02
8.770593e-02
8.825775e-02
8.879031e-02
8.930322e-02
8.979610e-02
9.026859e-02
9.072033e-02
9.115101e-02
9.156028e-02
9.194785e-02
9.231342e-02
9.265672e-02
9.297750e-02
9.327550e-02
9.355051e-02
9.380231e-02
9.403072e-02
9.423555e-02
9.441666e-02
9.457390e-02
9.470715e-02
9.481632e-02
9.490131e-02
9.496207e-02
9.499854e-02
9.501070e-02
9.499854e-02
9.496207e-02
9.490131e-02
9.481632e-02
9.470715e-02
9.457390e-02
9.441666e-02
9.423555e-02
9.403072e-02
9.380231e-02
9.355051e-02
9.327550e-02
9.297750e-02
9.265672e-02
9.231342e-02
9.194785e-02
9.156028e-02
9.115101e-02
9.072033e-02
9.026859e-02
8.979610e-02
8.930322e-02
8.879031e-02
8.825775e-02
8.770593e-02
8.713525e-02
8.654613e-02
8.593898e-02
8.531425e-02
8.467239e-02
8.401384e-02
8.333908e-02
8.264857e-02
8.194281e-02
8.122227e-02
8.048747e-02
7.973890e-02
7.897707e-02
7.820249e-02
7.741569e-02
7.661719e-02
7.580752e-02
7.498721e-02
7.415678e-02
7.331678e-02
7.246774e-02
7.161020e-02
7.074469e-02
6.987176e-02
6.899193e-02
6.810574e-02
6.721373e-02
6.631642e-02
6.541434e-02
6.450802e-02
6.359797e-02
6.268471e-02
6.176875e-02
6.085059e-02
5.993074e-02
5.900968e-02
5.808791e-02
5.716590e-02
5.624412e-02
5.532304e-02
5.440312e-02
5.348480e-02
5.256852e-02
5.165472e-02
5.074380e-02
4.983620e-02
4.893229e-02
4.803248e-02
4.713715e-02
4.624667e-02
4.536140e-02
4.448168e-02
4.360787e-02
4.274027e-02
4.187921e-02
4.102500e-02
4.017792e-02
3.933826e-02
3.850629e-02
3.768226e-02
3.686644e-02
3.605904e-02
3.526029e-02
3.447042e-02
3.368961e-02
3.291806e-02
3.215595e-02
3.140344e-02
3.066069e-02
2.992785e-02
2.920505e-02
2.849240e-02
2.779004e-02
2.709804e-02
2.641652e-02
2.574554e-02
2.508519e-02
2.443551e-02
2.379657e-02
2.316841e-02
2.255105e-02
2.194452e-02
2.134884e-02
2.076402e-02
2.019004e-02
1.962691e-02
1.907460e-02
1.853309e-02
1.800234e-02
1.748231e-02
1.697296e-02
1.647423e-02
1.598607e-02
1.550840e-02
1.504115e-02
1.458424e-02
1.413759e-02
1.370112e-02
1.327472e-02
1.285830e-02
1.245175e-02
1.205498e-02
1.166785e-02
1.129027e-02
1.092211e-02
1.056326e-02
1.021357e-02
9.872938e-03
9.541222e-03
9.218290e-03
8.904008e-03
8.598240e-03
8.300847e-03
8.011688e-03
7.730624e-03
7.457510e-03
7.192203e-03
6.934559e-03
6.684434e-03
6.441681e-03
6.206155e-03
5.977710e-03
5.756200e-03
5.541480e-03
5.333403e-03
5.131826e-03
4.936603e-03
4.747592e-03
4.564649e-03
4.387631e-03
4.216399e-03
4.050813e-03
3.890733e-03
3.736022e-03
3.586546e-03
3.442168e-03
3.302757e-03
3.168181e-03
3.038310e-03
2.913018e-03
2.792177e-03
2.675664e-03
2.563356e-03
2.455134e-03
2.350880e-03
2.250476e-03
2.153808e-03
2.060766e-03
1.971238e-03
1.885116e-03
1.802296e-03
1.722674e-03
1.646147e-03
1.572618e-03
1.501988e-03
1.434163e-03
1.369051e-03
1.306560e-03
1.246602e-03
1.189091e-03
1.133944e-03
1.081077e-03
1.030411e-03
9.818679e-04
9.353725e-04
8.908507e-04
8.482308e-04
8.074433e-04
7.684203e-04
7.310960e-04
6.954067e-04
6.612902e-04
6.286866e-04
5.975374e-04
5.677861e-04
5.393781e-04
5.122603e-04
4.863813e-04
4.616915e-04
4.381428e-04
4.156888e-04
3.942845e-04
3.738867e-04
3.544534e-04
3.359441e-04
3.183199e-04
3.015431e-04
2.855773e-04
2.703877e-04
2.559405e-04
2.422031e-04
2.291445e-04
2.167344e-04
2.049440e-04
1.937454e-04
1.831118e-04
1.730175e-04
1.634379e-04
1.543491e-04
1.457284e-04
1.375540e-04
1.298049e-04
1.224610e-04
1.155030e-04
1.089125e-04
1.026717e-04
9.676379e-05
9.117245e-05
8.588222e-05
8.087824e-05
7.614632e-05
7.167291e-05
6.744502e-05
6.345029e-05
5.967689e-05
5.611352e-05
5.274942e-05
4.957431e-05
4.657839e-05
4.375233e-05
4.108721e-05
3.857455e-05
3.620629e-05
3.397472e-05
3.187254e-05
2.989277e-05
2.802881e-05
2.627434e-05
2.462339e-05
2.307027e-05
2.160958e-05
2.023619e-05
1.894524e-05
1.773210e-05
1.659240e-05
1.552198e-05
1.451689e-05
1.357341e-05
1.268800e-05
1.185731e-05
1.107817e-05
1.034758e-05
9.662697e-06
9.020834e-06
8.419452e-06
7.856151e-06
7.328661e-06
6.834838e-06
6.372659e-06
5.940212e-06
5.535693e-06
5.157401e-06
4.803730e-06
4.473167e-06
4.164286e-06
3.875741e-06
3.606266e-06
3.354668e-06
3.119825e-06
2.900679e-06
2.696236e-06
2.505561e-06
2.327775e-06
2.162050e-06
2.007610e-06
1.863724e-06
1.729708e-06
1.604918e-06
1.488750e-06
1.380637e-06
1.280047e-06
1.186482e-06
1.099475e-06
1.018587e-06
9.434091e-07
8.735558e-07
8.086676e-07
7.484078e-07
6.924610e-07
6.405326e-07
5.923466e-07
5.476454e-07
5.061879e-07
4.677491e-07
4.321185e-07
3.991000e-07
3.685100e-07
3.401776e-07
3.139432e-07
2.896577e-07
2.671825e-07
2.463881e-07
2.271539e-07
2.093677e-07
1.929247e-07
1.777276e-07
1.636857e-07
1.507146e-07
1.387359e-07
1.276765e-07
1.174687e-07
1.080493e-07
9.935983e-08
9.134576e-08
8.395659e-08
7.714539e-08
7.086863e-08
6.508590e-08
5.975972e-08
5.485536e-08
5.034060e-08
4.618559e-08
4.236268e-08
3.884626e-08
3.561261e-08
3.263978e-08
2.990746e-08
2.739684e-08
2.509056e-08
2.297254e-08
2.102793e-08
1.924301e-08
1.760508e-08
1.610246e-08
1.472431e-08
1.346067e-08
1.230232e-08
1.124077e-08
1.026820e-08
9.377373e-09
8.561639e-09
7.814865e-09
7.131401e-09
6.506045e-09
5.934007e-09
5.410880e-09
4.932607e-09
4.495458e-09
4.096003e-09
3.731087e-09
3.397812e-09
3.093514e-09
2.815747e-09
2.562265e-09
2.331005e-09
2.120075e-09
1.927738e-09
1.752402e-09
1.592606e-09
1.447010e-09
1.314388e-09
1.193616e-09
1.083664e-09
9.835876e-10
8.925252e-10
8.096862e-10
7.343478e-10
6.658489e-10
6.035849e-10
5.470032e-10
4.955988e-10
4.489101e-10
4.065157e-10
3.680308e-10
3.331039e-10
3.014146e-10
2.726701e-10
2.466037e-10
2.229721e-10
2.015534e-10
1.821456e-10
1.645645e-10
1.486423e-10
1.342262e-10
1.211773e-10
1.093689e-10
9.868593e-11
8.902368e-11
8.028689e-11
7.238900e-11
6.525132e-11
5.880238e-11
5.297724e-11
4.771693e-11
4.296794e-11
3.868169e-11
3.481409e-11
3.132518e-11
2.817869e-11
2.534177e-11
2.278463e-11
2.048027e-11
1.840426e-11
1.653445e-11
1.485080e-11
1.333518e-11
1.197118e-11
1.074394e-11
9.640047e-12
8.647359e-12
7.754908e-12
6.952782e-12
6.232028e-12
5.584561e-12
5.003080e-12
4.480998e-12
4.012368e-12
3.591829e-12
3.214544e-12
2.876153e-12
2.572724e-12
2.300718e-12
2.056944e-12
1.838528e-12
1.642884e-12
1.467683e-12
1.310830e-12
1.170441e-12
1.044819e-12
9.324419e-13
8.319383e-13
7.420775e-13
6.617533e-13
5.899725e-13
5.258430e-13
4.685642e-13
4.174176e-13
3.717586e-13
3.310091e-13
2.946505e-13
2.622183e-13
2.332958e-13
2.075100e-13
1.845266e-13
1.640465e-13
1.458015e-13
1.295520e-13
1.150835e-13
1.022040e-13
9.074186e-14
8.054373e-14
7.147246e-14
6.340552e-14
5.623344e-14
4.985846e-14
4.419329e-14
3.916001e-14
3.468908e-14
3.071846e-14
2.719277e-14
2.406266e-14
2.128408e-14
1.881779e-14
1.662877e-14
1.468582e-14
1.296111e-14
1.142982e-14
1.006984e-14
8.861403e-15
7.786900e-15
6.830583e-15
5.978374e-15
5.217664e-15
4.537145e-15
3.926650e-15
3.377009e-15
2.879921e-15
2.427835e-15
2.013845e-15
1.631585e-15
1.275136e-15
9.389437e-16
6.177264e-16
3.059907e-16
0.000000e+00
