0.000000e+00
2.658917e-14
5.364565e-14
8.147271e-14
1.105156e-13
1.412005e-13
1.739743e-13
2.093106e-13
2.477164e-13
2.897388e-13
3.359726e-13
3.870684e-13
4.437405e-13
5.067772e-13
5.770499e-13
6.555253e-13
7.432770e-13
8.414996e-13
9.515233e-13
1.074831e-12
1.213076e-12
1.368102e-12
1.541969e-12
1.736974e-12
1.955681e-12
2.200952e-12
2.475981e-12
2.784332e-12
3.129983e-12
3.517368e-12
3.951436e-12
4.437704e-12
4.982321e-12
5.592142e-12
6.274804e-12
7.038815e-12
7.893650e-12
8.849856e-12
9.919176e-12
1.111467e-11
1.245088e-11
1.394397e-11
1.561189e-11
1.747464e-11
1.955441e-11
2.187584e-11
2.446633e-11
2.735627e-11
3.057941e-11
3.417318e-11
3.817912e-11
4.264328e-11
4.761672e-11
5.315605e-11
5.932396e-11
6.618991e-11
7.383082e-11
8.233185e-11
9.178722e-11
1.023012e-10
1.139892e-10
1.269786e-10
1.414105e-10
1.574406e-10
1.752412e-10
1.950022e-10
2.169338e-10
2.412674e-10
2.682590e-10
2.981906e-10
3.313734e-10
3.681503e-10
4.088997e-10
4.540380e-10
5.040244e-10
5.593644e-10
6.206145e-10
6.883873e-10
7.633568e-10
8.462644e-10
9.379255e-10
1.039236e-09
1.151182e-09
1.274845e-09
1.411414e-09
1.562194e-09
1.728619e-09
1.912261e-09
2.114845e-09
2.338263e-09
2.584591e-09
2.856102e-09
3.155288e-09
3.484880e-09
3.847866e-09
4.247519e-09
4.687423e-09
5.171497e-09
5.704028e-09
6.289706e-09
6.933654e-09
7.641475e-09
8.419289e-09
9.273779e-09
1.021224e-08
1.124265e-08
1.237369e-08
1.361485e-08
1.497646e-08
1.646982e-08
1.810719e-08
1.990199e-08
2.186878e-08
2.402346e-08
2.638331e-08
2.896715e-08
3.179545e-08
3.489048e-08
3.827644e-08
4.197964e-08
4.602868e-08
5.045461e-08
5.529116e-08
6.057495e-08
6.634571e-08
7.264656e-08
7.952426e-08
8.702952e-08
9.521730e-08
1.041471e-07
1.138836e-07
1.244965e-07
1.360615e-07
1.486604e-07
1.623820e-07
1.773218e-07
1.935836e-07
2.112792e-07
2.305298e-07
2.514660e-07
2.742289e-07
2.989710e-07
3.258567e-07
3.550635e-07
3.867826e-07
4.212206e-07
4.585998e-07
4.991598e-07
5.431589e-07
5.908751e-07
6.426077e-07
6.986787e-07
7.594346e-07
8.252482e-07
8.965201e-07
9.736810e-07
1.057194e-06
1.147555e-06
1.245298e-06
1.350997e-06
1.465266e-06
1.588763e-06
1.722197e-06
1.866326e-06
2.021961e-06
2.189973e-06
2.371295e-06
2.566923e-06
2.777926e-06
3.005447e-06
3.250708e-06
3.515015e-06
3.799765e-06
4.106451e-06
4.436666e-06
4.792113e-06
5.174608e-06
5.586090e-06
6.028627e-06
6.504425e-06
7.015833e-06
7.565357e-06
8.155666e-06
8.789600e-06
9.470185e-06
1.020064e-05
1.098439e-05
1.182507e-05
1.272656e-05
1.369298e-05
1.472868e-05
1.583832e-05
1.702681e-05
1.829939e-05
1.966161e-05
2.111935e-05
2.267883e-05
2.434668e-05
2.612989e-05
2.803587e-05
3.007246e-05
3.224798e-05
3.457120e-05
3.705142e-05
3.969845e-05
4.252266e-05
4.553501e-05
4.874707e-05
5.217104e-05
5.581983e-05
5.970701e-05
6.384690e-05
6.825461e-05
7.294605e-05
7.793797e-05
8.324799e-05
8.889467e-05
9.489755e-05
1.012771e-04
1.080550e-04
1.152538e-04
1.228974e-04
1.310107e-04
1.396199e-04
1.487527e-04
1.584377e-04
1.687054e-04
1.795872e-04
1.911165e-04
2.033280e-04
2.162580e-04
2.299444e-04
2.444272e-04
2.597478e-04
2.759496e-04
2.930779e-04
3.111801e-04
3.303055e-04
3.505056e-04
3.718340e-04
3.943467e-04
4.181019e-04
4.431602e-04
4.695846e-04
4.974409e-04
5.267971e-04
5.577242e-04
5.902958e-04
6.245883e-04
6.606809e-04
6.986560e-04
7.385987e-04
7.805974e-04
8.247436e-04
8.711320e-04
9.198605e-04
9.710304e-04
1.024746e-03
1.081117e-03
1.140253e-03
1.202270e-03
1.267287e-03
1.335426e-03
1.406813e-03
1.481579e-03
1.559856e-03
1.641783e-03
1.727500e-03
1.817153e-03
1.910889e-03
2.008863e-03
2.111230e-03
2.218150e-03
2.329789e-03
2.446313e-03
2.567895e-03
2.694711e-03
2.826938e-03
2.964760e-03
3.108364e-03
3.257938e-03
3.413676e-03
3.575776e-03
3.744435e-03
3.919857e-03
4.102247e-03
4.291814e-03
4.488769e-03
4.693324e-03
4.905697e-03
5.126104e-03
5.354764e-03
5.591900e-03
5.837733e-03
6.092487e-03
6.356386e-03
6.629656e-03
6.912521e-03
7.205206e-03
7.507937e-03
7.820936e-03
8.144426e-03
8.478629e-03
8.823762e-03
9.180043e-03
9.547685e-03
9.926899e-03
1.031789e-02
1.072086e-02
1.113601e-02
1.156353e-02
1.200361e-02
1.245642e-02
1.292214e-02
1.340093e-02
1.389295e-02
1.439835e-02
1.491726e-02
1.544982e-02
1.599614e-02
1.655633e-02
1.713048e-02
1.771868e-02
1.832098e-02
1.893745e-02
1.956812e-02
2.021302e-02
2.087215e-02
2.154550e-02
2.223305e-02
2.293474e-02
2.365051e-02
2.438027e-02
2.512392e-02
2.588133e-02
2.665235e-02
2.743681e-02
2.823451e-02
2.904522e-02
2.986872e-02
3.070472e-02
3.155292e-02
3.241302e-02
3.328465e-02
3.416745e-02
3.506100e-02
3.596488e-02
3.687861e-02
3.780172e-02
3.873367e-02
3.967392e-02
4.062189e-02
4.157696e-02
4.253850e-02
4.350583e-02
4.447824e-02
4.545500e-02
4.643535e-02
4.741849e-02
4.840359e-02
4.938980e-02
5.037623e-02
5.136197e-02
5.234606e-02
5.332753e-02
5.430539e-02
5.527859e-02
5.624608e-02
5.720678e-02
5.815958e-02
5.910335e-02
6.003691e-02
6.095911e-02
6.186873e-02
6.276455e-02
6.364534e-02
6.450983e-02
6.535675e-02
6.618482e-02
6.699273e-02
6.777917e-02
6.854281e-02
6.928233e-02
6.999639e-02
7.068365e-02
7.134277e-02
7.197240e-02
7.257121e-02
7.313785e-02
7.367101e-02
7.416935e-02
7.463158e-02
7.505639e-02
7.544250e-02
7.578865e-02
7.609361e-02
7.635614e-02
7.657507e-02
7.674922e-02
7.687747e-02
7.695871e-02
7.699189e-02
7.697597e-02
7.690998e-02
7.679297e-02
7.662405e-02
7.640237e-02
7.612715e-02
7.579764e-02
7.541316e-02
7.497308e-02
7.447684e-02
7.392394e-02
7.331393e-02
7.264646e-02
7.192122e-02
7.113798e-02
7.029659e-02
6.939696e-02
6.843909e-02
6.742305e-02
6.634899e-02
6.521715e-02
6.402785e-02
6.278147e-02
6.147851e-02
6.011953e-02
5.870517e-02
5.723618e-02
5.571339e-02
5.413769e-02
5.251009e-02
5.083166e-02
4.910358e-02
4.732711e-02
4.550357e-02
4.363439e-02
4.172108e-02
3.976523e-02
3.776850e-02
3.573265e-02
3.365949e-02
3.155094e-02
2.940896e-02
2.723561e-02
2.503299e-02
2.280331e-02
2.054880e-02
1.827177e-02
1.597460e-02
1.365970e-02
1.132957e-02
8.986721e-03
6.633729e-03
4.273209e-03
1.907815e-03
-4.597658e-04
-2.826814e-03
-5.190584e-03
-7.548309e-03
-9.897202e-03
-1.223446e-02
-1.455729e-02
-1.686285e-02
-1.914834e-02
-2.141096e-02
-2.364788e-02
-2.585633e-02
-2.803353e-02
-3.017673e-02
-3.228321e-02
-3.435027e-02
-3.637526e-02
-3.835556e-02
-4.028861e-02
-4.217187e-02
-4.400289e-02
-4.577925e-02
-4.749860e-02
-4.915867e-02
-5.075724e-02
-5.229218e-02
-5.376143e-02
-5.516302e-02
-5.649505e-02
-5.775571e-02
-5.894332e-02
-6.005624e-02
-6.109296e-02
-6.205206e-02
-6.293225e-02
-6.373230e-02
-6.445112e-02
-6.508772e-02
-6.564123e-02
-6.611088e-02
-6.649603e-02
-6.679614e-02
-6.701080e-02
-6.713972e-02
-6.718271e-02
-6.713972e-02
-6.701080e-02
-6.679614e-02
-6.649603e-02
-6.611088e-02
-6.564123e-02
-6.508772e-02
-6.445112e-02
-6.373230e-02
-6.293225e-02
-6.205206e-02
-6.109296e-02
-6.005624e-02
-5.894332e-02
-5.775571e-02
-5.649505e-02
-5.516302e-02
-5.376143e-02
-5.229218e-02
-5.075724e-02
-4.915867e-02
-4.749860e-02
-4.577925e-02
-4.400289e-02
-4.217187e-02
-4.028861e-02
-3.835556e-02
-3.637526e-02
-3.435027e-02
-3.228321e-02
-3.017673e-02
-2.803353e-02
-2.585633e-02
-2.364788e-02
-2.141096e-02
-1.914834e-02
-1.686285e-02
-1.455729e-02
-1.223446e-02
-9.897202e-03
-7.548309e-03
-5.190584e-03
-2.826814e-03
-4.597658e-04
1.907815e-03
4.273209e-03
6.633729e-03
8.986721e-03
1.132957e-02
1.365970e-02
1.597460e-02
1.827177e-02
2.054880e-02
2.280331e-02
2.503299e-02
2.723561e-02
2.940896e-02
3.155094e-02
3.365949e-02
3.573265e-02
3.776850e-02
3.976523e-02
4.172108e-02
4.363439e-02
4.550357e-02
4.732711e-02
4.910358e-02
5.083166e-02
5.251009e-02
5.413769e-02
5.571339e-02
5.723618e-02
5.870517e-02
6.011953e-02
6.147851e-02
6.278147e-02
6.402785e-02
6.521715e-02
6.634899e-02
6.742305e-02
6.843909e-02
6.939696e-02
7.029659e-02
7.113798e-02
7.192122e-02
7.264646e-02
7.331393e-02
7.392394e-02
7.447684e-02
7.497308e-02
7.541316e-02
7.579764e-02
7.612715e-02
7.640237e-02
7.662405e-02
7.679297e-02
7.690998e-02
7.697597e-02
7.699189e-02
7.695871e-02
7.687747e-02
7.674922e-02
7.657507e-02
7.635614e-02
7.609361e-02
7.578865e-02
7.544250e-02
7.505639e-02
7.463158e-02
7.416935e-02
7.367101e-02
7.313785e-02
7.257121e-02
7.197240e-02
7.134277e-02
7.068365e-02
6.999639e-02
6.928233e-02
6.854281e-02
6.777917e-02
6.699273e-02
6.618482e-02
6.535675e-02
6.450983e-02
6.364534e-02
6.276455e-02
6.186873e-02
6.095911e-02
6.003691e-02
5.910335e-02
5.815958e-02
5.720678e-02
5.624608e-02
5.527859e-02
5.430539e-02
5.332753e-02
5.234606e-02
5.136197e-02
5.037623e-02
4.938980e-02
4.840359e-02
4.741849e-02
4.643535e-02
4.545500e-02
4.447824e-02
4.350583e-02
4.253850e-02
4.157696e-02
4.062189e-02
3.967392e-02
3.873367e-02
3.780172e-02
3.687861e-02
3.596488e-02
3.506100e-02
3.416745e-02
3.328465e-02
3.241302e-02
3.155292e-02
3.070472e-02
2.986872e-02
2.904522e-02
2.823451e-02
2.743681e-02
2.665235e-02
2.588133e-02
2.512392e-02
2.438027e-02
2.365051e-02
2.293474e-02
2.223305e-02
2.154550e-02
2.087215e-02
2.021302e-02
1.956812e-02
1.893745e-02
1.832098e-02
1.771868e-02
1.713048e-02
1.655633e-02
1.599614e-02
1.544982e-02
1.491726e-02
1.439835e-02
1.389295e-02
1.340093e-02
1.292214e-02
1.245642e-02
1.200361e-02
1.156353e-02
1.113601e-02
1.072086e-02
1.031789e-02
9.926899e-03
9.547685e-03
9.180043e-03
8.823762e-03
8.478629e-03
8.144426e-03
7.820936e-03
7.507937e-03
7.205206e-03
6.912521e-03
6.629656e-03
6.356386e-03
6.092487e-03
5.837733e-03
5.591900e-03
5.354764e-03
5.126104e-03
4.905697e-03
4.693324e-03
4.488769e-03
4.291814e-03
4.102247e-03
3.919857e-03
3.744435e-03
3.575776e-03
3.413676e-03
3.257938e-03
3.108364e-03
2.964760e-03
2.826938e-03
2.694711e-03
2.567895e-03
2.446313e-03
2.329789e-03
2.218150e-03
2.111230e-03
2.008863e-03
1.910889e-03
1.817153e-03
1.727500e-03
1.641783e-03
1.559856e-03
1.481579e-03
1.406813e-03
1.335426e-03
1.267287e-03
1.202270e-03
1.140253e-03
1.081117e-03
1.024746e-03
9.710304e-04
9.198605e-04
8.711320e-04
8.247436e-04
7.805974e-04
7.385987e-04
6.986560e-04
6.606809e-04
6.245883e-04
5.902958e-04
5.577242e-04
5.267971e-04
4.974409e-04
4.695846e-04
4.431602e-04
4.181019e-04
3.943467e-04
3.718340e-04
3.505056e-04
3.303055e-04
3.111801e-04
2.930779e-04
2.759496e-04
2.597478e-04
2.444272e-04
2.299444e-04
2.162580e-04
2.033280e-04
1.911165e-04
1.795872e-04
1.687054e-04
1.584377e-04
1.487527e-04
1.396199e-04
1.310107e-04
1.228974e-04
1.152538e-04
1.080550e-04
1.012771e-04
9.489755e-05
8.889467e-05
8.324799e-05
7.793797e-05
7.294605e-05
6.825461e-05
6.384690e-05
5.970701e-05
5.581983e-05
5.217104e-05
4.874707e-05
4.553501e-05
4.252266e-05
3.969845e-05
3.705142e-05
3.457120e-05
3.224798e-05
3.007246e-05
2.803587e-05
2.612989e-05
2.434668e-05
2.267883e-05
2.111935e-05
1.966161e-05
1.829939e-05
1.702681e-05
1.583832e-05
1.472868e-05
1.369298e-05
1.272656e-05
1.182507e-05
1.098439e-05
1.020064e-05
9.470185e-06
8.789600e-06
8.155666e-06
7.565357e-06
7.015833e-06
6.504425e-06
6.028627e-06
5.586090e-06
5.174608e-06
4.792113e-06
4.436666e-06
4.106451e-06
3.799765e-06
3.515015e-06
3.250708e-06
3.005447e-06
2.777926e-06
2.566923e-06
2.371295e-06
2.189973e-06
2.021961e-06
1.866326e-06
1.722197e-06
1.588763e-06
1.465266e-06
1.350997e-06
1.245298e-06
1.147555e-06
1.057194e-06
9.736810e-07
8.965201e-07
8.252482e-07
7.594346e-07
6.986787e-07
6.426077e-07
5.908751e-07
5.431589e-07
4.991598e-07
4.585998e-07
4.212206e-07
3.867826e-07
3.550635e-07
3.258567e-07
2.989710e-07
2.742289e-07
2.514660e-07
2.305298e-07
2.112792e-07
1.935836e-07
1.773218e-07
1.623820e-07
1.486604e-07
1.360615e-07
1.244965e-07
1.138836e-07
1.041471e-07
9.521730e-08
8.702952e-08
7.952426e-08
7.264656e-08
6.634571e-08
6.057495e-08
5.529116e-08
5.045461e-08
4.602868e-08
4.197964e-08
3.827644e-08
3.489048e-08
3.179545e-08
2.896715e-08
2.638331e-08
2.402346e-08
2.186878e-08
1.990199e-08
1.810719e-08
1.646982e-08
1.497646e-08
1.361485e-08
1.237369e-08
1.124265e-08
1.021224e-08
9.273779e-09
8.419289e-09
7.641475e-09
6.933654e-09
6.289706e-09
5.704028e-09
5.171497e-09
4.687423e-09
4.247519e-09
3.847866e-09
3.484880e-09
3.155288e-09
2.856102e-09
2.584591e-09
2.338263e-09
2.114845e-09
1.912261e-09
1.728619e-09
1.562194e-09
1.411414e-09
1.274845e-09
1.151182e-09
1.039236e-09
9.379255e-10
8.462644e-10
7.633568e-10
6.883873e-10
6.206145e-10
5.593644e-10
5.040244e-10
4.540380e-10
4.088997e-10
3.681503e-10
3.313734e-10
2.981906e-10
2.682590e-10
2.412674e-10
2.169338e-10
1.950022e-10
1.752412e-10
1.574406e-10
1.414105e-10
1.269786e-10
1.139892e-10
1.023012e-10
9.178722e-11
8.233185e-11
7.383082e-11
6.618991e-11
5.932396e-11
5.315605e-11
4.761672e-11
4.264328e-11
3.817912e-11
3.417318e-11
3.057941e-11
2.735627e-11
2.446633e-11
2.187584e-11
1.955441e-11
1.747464e-11
1.561189e-11
1.394397e-11
1.245088e-11
1.111467e-11
9.919176e-12
8.849856e-12
7.893650e-12
7.038815e-12
6.274804e-12
5.592142e-12
4.982321e-12
4.437704e-12
3.951436e-12
3.517368e-12
3.129983e-12
2.784332e-12
2.475981e-12
2.200952e-12
1.955681e-12
1.736974e-12
1.541969e-12
1.368102e-12
1.213076e-12
1.074831e-12
9.515233e-13
8.414996e-13
7.432770e-13
6.555253e-13
5.770499e-13
5.067772e-13
4.437405e-13
3.870684e-13
3.359726e-13
2.897388e-13
2.477164e-13
2.093106e-13
1.739743e-13
1.412005e-13
1.105156e-13
8.147271e-14
5.364565e-14
2.658917e-14
0.000000e+00
