0.000000e+00
2.822820e-14
5.693556e-14
8.643275e-14
1.171754e-13
1.495989e-13
1.841588e-13
2.213367e-13
2.616467e-13
3.056425e-13
3.539241e-13
4.071457e-13
4.660241e-13
5.313473e-13
6.039848e-13
6.848979e-13
7.751516e-13
8.759273e-13
9.885375e-13
1.114441e-12
1.255260e-12
1.412801e-12
1.589072e-12
1.786312e-12
2.007011e-12
2.253940e-12
2.530188e-12
2.839190e-12
3.184769e-12
3.571179e-12
4.003154e-12
4.485957e-12
5.025443e-12
5.628118e-12
6.301216e-12
7.052772e-12
7.891713e-12
8.827952e-12
9.872496e-12
1.103756e-11
1.233669e-11
1.378493e-11
1.539896e-11
1.719724e-11
1.920027e-11
2.143075e-11
2.391381e-11
2.667729e-11
2.975201e-11
3.317208e-11
3.697522e-11
4.120317e-11
4.590207e-11
5.112293e-11
5.692210e-11
6.336185e-11
7.051095e-11
7.844532e-11
8.724875e-11
9.701370e-11
1.078422e-10
1.198466e-10
1.331510e-10
1.478921e-10
1.642203e-10
1.823015e-10
2.023183e-10
2.244716e-10
2.489827e-10
2.760948e-10
3.060756e-10
3.392192e-10
3.758490e-10
4.163203e-10
4.610235e-10
5.103870e-10
5.648814e-10
6.250230e-10
6.913784e-10
7.645688e-10
8.452755e-10
9.342453e-10
1.032296e-09
1.140325e-09
1.259314e-09
1.390336e-09
1.534569e-09
1.693299e-09
1.867934e-09
2.060014e-09
2.271220e-09
2.503391e-09
2.758536e-09
3.038848e-09
3.346723e-09
3.684774e-09
4.055853e-09
4.463070e-09
4.909819e-09
5.399796e-09
5.937031e-09
6.525914e-09
7.171225e-09
7.878170e-09
8.652412e-09
9.500116e-09
1.042799e-08
1.144331e-08
1.255402e-08
1.376871e-08
1.509675e-08
1.654830e-08
1.813437e-08
1.986695e-08
2.175902e-08
2.382466e-08
2.607916e-08
2.853905e-08
3.122228e-08
3.414829e-08
3.733810e-08
4.081451e-08
4.460216e-08
4.872773e-08
5.322004e-08
5.811029e-08
6.343217e-08
6.922211e-08
7.551942e-08
8.236658e-08
8.980943e-08
9.789742e-08
1.066839e-07
1.162264e-07
1.265870e-07
1.378325e-07
1.500348e-07
1.632716e-07
1.776262e-07
1.931886e-07
2.100554e-07
2.283305e-07
2.481257e-07
2.695611e-07
2.927657e-07
3.178782e-07
3.450474e-07
3.744330e-07
4.062065e-07
4.405515e-07
4.776654e-07
5.177593e-07
5.610596e-07
6.078089e-07
6.582669e-07
7.127114e-07
7.714399e-07
8.347705e-07
9.030435e-07
9.766225e-07
1.055896e-06
1.141279e-06
1.233215e-06
1.332177e-06
1.438669e-06
1.553231e-06
1.676436e-06
1.808897e-06
1.951266e-06
2.104236e-06
2.268549e-06
2.444991e-06
2.634400e-06
2.837667e-06
3.055739e-06
3.289624e-06
3.540391e-06
3.809176e-06
4.097186e-06
4.405700e-06
4.736078e-06
5.089759e-06
5.468271e-06
5.873231e-06
6.306353e-06
6.769453e-06
7.264453e-06
7.793384e-06
8.358396e-06
8.961764e-06
9.605890e-06
1.029331e-05
1.102671e-05
1.180892e-05
1.264291e-05
1.353185e-05
1.447905e-05
1.548802e-05
1.656243e-05
1.770618e-05
1.892335e-05
2.021824e-05
2.159538e-05
2.305952e-05
2.461566e-05
2.626906e-05
2.802522e-05
2.988994e-05
3.186929e-05
3.396964e-05
3.619766e-05
3.856035e-05
4.106503e-05
4.371937e-05
4.653140e-05
4.950952e-05
5.266249e-05
5.599950e-05
5.953011e-05
6.326434e-05
6.721261e-05
7.138581e-05
7.579530e-05
8.045290e-05
8.537093e-05
9.056221e-05
9.604009e-05
1.018184e-04
1.079117e-04
1.143349e-04
1.211035e-04
1.282337e-04
1.357423e-04
1.436466e-04
1.519647e-04
1.607152e-04
1.699174e-04
1.795913e-04
1.897576e-04
2.004374e-04
2.116530e-04
2.234271e-04
2.357830e-04
2.487451e-04
2.623382e-04
2.765879e-04
2.915208e-04
3.071639e-04
3.235451e-04
3.406932e-04
3.586374e-04
3.774080e-04
3.970359e-04
4.175527e-04
4.389908e-04
4.613833e-04
4.847641e-04
5.091676e-04
5.346292e-04
5.611847e-04
5.888707e-04
6.177244e-04
6.477837e-04
6.790869e-04
7.116729e-04
7.455814e-04
7.808523e-04
8.175260e-04
8.556433e-04
8.952456e-04
9.363744e-04
9.790715e-04
1.023379e-03
1.069339e-03
1.116994e-03
1.166386e-03
1.217558e-03
1.270552e-03
1.325409e-03
1.382173e-03
1.440883e-03
1.501582e-03
1.564310e-03
1.629106e-03
1.696011e-03
1.765062e-03
1.836297e-03
1.909753e-03
1.985464e-03
2.063465e-03
2.143790e-03
2.226468e-03
2.311530e-03
2.399004e-03
2.488915e-03
2.581287e-03
2.676144e-03
2.773503e-03
2.873382e-03
2.975795e-03
3.080755e-03
3.188269e-03
3.298345e-03
3.410984e-03
3.526186e-03
3.643946e-03
3.764256e-03
3.887106e-03
4.012478e-03
4.140353e-03
4.270707e-03
4.403512e-03
4.538734e-03
4.676335e-03
4.816273e-03
4.958499e-03
5.102961e-03
5.249600e-03
5.398353e-03
5.549151e-03
5.701918e-03
5.856574e-03
6.013033e-03
6.171201e-03
6.330981e-03
6.492267e-03
6.654949e-03
6.818909e-03
6.984024e-03
7.150163e-03
7.317192e-03
7.484966e-03
7.653336e-03
7.822148e-03
7.991238e-03
8.160439e-03
8.329576e-03
8.498469e-03
8.666929e-03
8.834764e-03
9.001774e-03
9.167756e-03
9.332498e-03
9.495784e-03
9.657392e-03
9.817096e-03
9.974665e-03
1.012986e-02
1.028245e-02
1.043217e-02
1.057879e-02
1.072206e-02
1.086171e-02
1.099748e-02
1.112912e-02
1.125637e-02
1.137896e-02
1.149661e-02
1.160908e-02
1.171608e-02
1.181735e-02
1.191262e-02
1.200163e-02
1.208411e-02
1.215980e-02
1.222844e-02
1.228977e-02
1.234355e-02
1.238951e-02
1.242742e-02
1.245703e-02
1.247812e-02
1.249046e-02
1.249383e-02
1.248801e-02
1.247282e-02
1.244804e-02
1.241350e-02
1.236902e-02
1.231445e-02
1.224962e-02
1.217441e-02
1.208867e-02
1.199231e-02
1.188522e-02
1.176731e-02
1.163851e-02
1.149877e-02
1.134805e-02
1.118633e-02
1.101359e-02
1.082985e-02
1.063514e-02
1.042950e-02
1.021300e-02
9.985716e-03
9.747757e-03
9.499241e-03
9.240308e-03
8.971119e-03
8.691853e-03
8.402709e-03
8.103906e-03
7.795683e-03
7.478299e-03
7.152033e-03
6.817181e-03
6.474063e-03
6.123014e-03
5.764391e-03
5.398568e-03
5.025938e-03
4.646912e-03
4.261918e-03
3.871403e-03
3.475828e-03
3.075671e-03
2.671426e-03
2.263601e-03
1.852719e-03
1.439314e-03
1.023934e-03
6.071393e-04
1.894995e-04
-2.284057e-04
-6.459873e-04
-1.062649e-03
-1.477787e-03
-1.890793e-03
-2.301052e-03
-2.707948e-03
-3.110861e-03
-3.509170e-03
-3.902254e-03
-4.289493e-03
-4.670270e-03
-5.043972e-03
-5.409990e-03
-5.767720e-03
-6.116569e-03
-6.455949e-03
-6.785284e-03
-7.104009e-03
-7.411571e-03
-7.707430e-03
-7.991064e-03
-8.261963e-03
-8.519637e-03
-8.763613e-03
-8.993440e-03
-9.208686e-03
-9.408940e-03
-9.593817e-03
-9.762951e-03
-9.916006e-03
-1.005267e-02
-1.017265e-02
-1.027570e-02
-1.036158e-02
-1.043010e-02
-1.048107e-02
-1.051437e-02
-1.052987e-02
-1.052750e-02
-1.050722e-02
-1.046900e-02
-1.041287e-02
-1.033886e-02
-1.024707e-02
-1.013761e-02
-1.001062e-02
-9.866283e-03
-9.704815e-03
-9.526457e-03
-9.331485e-03
-9.120207e-03
-8.892962e-03
-8.650119e-03
-8.392077e-03
-8.119265e-03
-7.832140e-03
-7.531188e-03
-7.216920e-03
-6.889875e-03
-6.550616e-03
-6.199729e-03
-5.837826e-03
-5.465539e-03
-5.083519e-03
-4.692439e-03
-4.292989e-03
-3.885875e-03
-3.471820e-03
-3.051558e-03
-2.625839e-03
-2.195422e-03
-1.761074e-03
-1.323573e-03
-8.837016e-04
-4.422468e-04
-2.634755e-10
4.422468e-04
8.837016e-04
1.323573e-03
1.761074e-03
2.195422e-03
2.625839e-03
3.051558e-03
3.471820e-03
3.885875e-03
4.292989e-03
4.692439e-03
5.083519e-03
5.465539e-03
5.837826e-03
6.199729e-03
6.550616e-03
6.889875e-03
7.216920e-03
7.531188e-03
7.832140e-03
8.119265e-03
8.392077e-03
8.650119e-03
8.892962e-03
9.120207e-03
9.331485e-03
9.526457e-03
9.704815e-03
9.866283e-03
1.001062e-02
1.013761e-02
1.024707e-02
1.033886e-02
1.041287e-02
1.046900e-02
1.050722e-02
1.052750e-02
1.052987e-02
1.051437e-02
1.048107e-02
1.043010e-02
1.036158e-02
1.027570e-02
1.017265e-02
1.005267e-02
9.916006e-03
9.762951e-03
9.593817e-03
9.408940e-03
9.208686e-03
8.993440e-03
8.763613e-03
8.519637e-03
8.261963e-03
7.991064e-03
7.707430e-03
7.411571e-03
7.104009e-03
6.785284e-03
6.455949e-03
6.116569e-03
5.767720e-03
5.409990e-03
5.043972e-03
4.670270e-03
4.289493e-03
3.902254e-03
3.509170e-03
3.110861e-03
2.707948e-03
2.301052e-03
1.890793e-03
1.477787e-03
1.062649e-03
6.459873e-04
2.284057e-04
-1.894995e-04
-6.071393e-04
-1.023934e-03
-1.439314e-03
-1.852719e-03
-2.263601e-03
-2.671426e-03
-3.075671e-03
-3.475828e-03
-3.871403e-03
-4.261918e-03
-4.646912e-03
-5.025938e-03
-5.398568e-03
-5.764391e-03
-6.123014e-03
-6.474063e-03
-6.817181e-03
-7.152033e-03
-7.478299e-03
-7.795683e-03
-8.103906e-03
-8.402709e-03
-8.691853e-03
-8.971119e-03
-9.240308e-03
-9.499241e-03
-9.747757e-03
-9.985716e-03
-1.021300e-02
-1.042950e-02
-1.063514e-02
-1.082985e-02
-1.101359e-02
-1.118633e-02
-1.134805e-02
-1.149877e-02
-1.163851e-02
-1.176731e-02
-1.188522e-02
-1.199231e-02
-1.208867e-02
-1.217441e-02
-1.224962e-02
-1.231445e-02
-1.236902e-02
-1.241350e-02
-1.244804e-02
-1.247282e-02
-1.248801e-02
-1.249383e-02
-1.249046e-02
-1.247812e-02
-1.245703e-02
-1.242742e-02
-1.238951e-02
-1.234355e-02
-1.228977e-02
-1.222844e-02
-1.215980e-02
-1.208411e-02
-1.200163e-02
-1.191262e-02
-1.181735e-02
-1.171608e-02
-1.160908e-02
-1.149661e-02
-1.137896e-02
-1.125637e-02
-1.112912e-02
-1.099748e-02
-1.086171e-02
-1.072206e-02
-1.057879e-02
-1.043217e-02
-1.028245e-02
-1.012986e-02
-9.974665e-03
-9.817096e-03
-9.657392e-03
-9.495784e-03
-9.332498e-03
-9.167756e-03
-9.001774e-03
-8.834764e-03
-8.666929e-03
-8.498469e-03
-8.329576e-03
-8.160439e-03
-7.991238e-03
-7.822148e-03
-7.653336e-03
-7.484966e-03
-7.317192e-03
-7.150163e-03
-6.984024e-03
-6.818909e-03
-6.654949e-03
-6.492267e-03
-6.330981e-03
-6.171201e-03
-6.013033e-03
-5.856574e-03
-5.701918e-03
-5.549151e-03
-5.398353e-03
-5.249600e-03
-5.102961e-03
-4.958499e-03
-4.816273e-03
-4.676335e-03
-4.538734e-03
-4.403512e-03
-4.270707e-03
-4.140353e-03
-4.012478e-03
-3.887106e-03
-3.764256e-03
-3.643946e-03
-3.526186e-03
-3.410984e-03
-3.298345e-03
-3.188269e-03
-3.080755e-03
-2.975795e-03
-2.873382e-03
-2.773503e-03
-2.676144e-03
-2.581287e-03
-2.488915e-03
-2.399004e-03
-2.311530e-03
-2.226468e-03
-2.143790e-03
-2.063465e-03
-1.985464e-03
-1.909753e-03
-1.836297e-03
-1.765062e-03
-1.696011e-03
-1.629106e-03
-1.564310e-03
-1.501582e-03
-1.440883e-03
-1.382173e-03
-1.325409e-03
-1.270552e-03
-1.217558e-03
-1.166386e-03
-1.116994e-03
-1.069339e-03
-1.023379e-03
-9.790715e-04
-9.363744e-04
-8.952456e-04
-8.556433e-04
-8.175260e-04
-7.808523e-04
-7.455814e-04
-7.116729e-04
-6.790869e-04
-6.477837e-04
-6.177244e-04
-5.888707e-04
-5.611847e-04
-5.346292e-04
-5.091676e-04
-4.847641e-04
-4.613833e-04
-4.389908e-04
-4.175527e-04
-3.970359e-04
-3.774080e-04
-3.586374e-04
-3.406932e-04
-3.235451e-04
-3.071639e-04
-2.915208e-04
-2.765879e-04
-2.623382e-04
-2.487451e-04
-2.357830e-04
-2.234271e-04
-2.116530e-04
-2.004374e-04
-1.897576e-04
-1.795913e-04
-1.699174e-04
-1.607152e-04
-1.519647e-04
-1.436466e-04
-1.357423e-04
-1.282337e-04
-1.211035e-04
-1.143349e-04
-1.079117e-04
-1.018184e-04
-9.604009e-05
-9.056221e-05
-8.537093e-05
-8.045290e-05
-7.579530e-05
-7.138581e-05
-6.721261e-05
-6.326434e-05
-5.953011e-05
-5.599950e-05
-5.266249e-05
-4.950952e-05
-4.653140e-05
-4.371937e-05
-4.106503e-05
-3.856035e-05
-3.619766e-05
-3.396964e-05
-3.186929e-05
-2.988994e-05
-2.802522e-05
-2.626906e-05
-2.461566e-05
-2.305952e-05
-2.159538e-05
-2.021824e-05
-1.892335e-05
-1.770618e-05
-1.656243e-05
-1.548802e-05
-1.447905e-05
-1.353185e-05
-1.264291e-05
-1.180892e-05
-1.102671e-05
-1.029331e-05
-9.605890e-06
-8.961764e-06
-8.358396e-06
-7.793384e-06
-7.264453e-06
-6.769453e-06
-6.306353e-06
-5.873231e-06
-5.468271e-06
-5.089759e-06
-4.736078e-06
-4.405700e-06
-4.097186e-06
-3.809176e-06
-3.540391e-06
-3.289624e-06
-3.055739e-06
-2.837667e-06
-2.634400e-06
-2.444991e-06
-2.268549e-06
-2.104236e-06
-1.951266e-06
-1.808897e-06
-1.676436e-06
-1.553231e-06
-1.438669e-06
-1.332177e-06
-1.233215e-06
-1.141279e-06
-1.055896e-06
-9.766225e-07
-9.030435e-07
-8.347705e-07
-7.714399e-07
-7.127114e-07
-6.582669e-07
-6.078089e-07
-5.610596e-07
-5.177593e-07
-4.776654e-07
-4.405515e-07
-4.062065e-07
-3.744330e-07
-3.450474e-07
-3.178782e-07
-2.927657e-07
-2.695611e-07
-2.481257e-07
-2.283305e-07
-2.100554e-07
-1.931886e-07
-1.776262e-07
-1.632716e-07
-1.500348e-07
-1.378325e-07
-1.265870e-07
-1.162264e-07
-1.066839e-07
-9.789742e-08
-8.980943e-08
-8.236658e-08
-7.551942e-08
-6.922211e-08
-6.343217e-08
-5.811029e-08
-5.322004e-08
-4.872773e-08
-4.460216e-08
-4.081451e-08
-3.733810e-08
-3.414829e-08
-3.122228e-08
-2.853905e-08
-2.607916e-08
-2.382466e-08
-2.175902e-08
-1.986695e-08
-1.813437e-08
-1.654830e-08
-1.509675e-08
-1.376871e-08
-1.255402e-08
-1.144331e-08
-1.042799e-08
-9.500116e-09
-8.652412e-09
-7.878170e-09
-7.171225e-09
-6.525914e-09
-5.937031e-09
-5.399796e-09
-4.909819e-09
-4.463070e-09
-4.055853e-09
-3.684774e-09
-3.346723e-09
-3.038848e-09
-2.758536e-09
-2.503391e-09
-2.271220e-09
-2.060014e-09
-1.867934e-09
-1.693299e-09
-1.534569e-09
-1.390336e-09
-1.259314e-09
-1.140325e-09
-1.032296e-09
-9.342453e-10
-8.452755e-10
-7.645688e-10
-6.913784e-10
-6.250230e-10
-5.648814e-10
-5.103870e-10
-4.610235e-10
-4.163203e-10
-3.758490e-10
-3.392192e-10
-3.060756e-10
-2.760948e-10
-2.489827e-10
-2.244716e-10
-2.023183e-10
-1.823015e-10
-1.642203e-10
-1.478921e-10
-1.331510e-10
-1.198466e-10
-1.078422e-10
-9.701370e-11
-8.724875e-11
-7.844532e-11
-7.051095e-11
-6.336185e-11
-5.692210e-11
-5.112293e-11
-4.590207e-11
-4.120317e-11
-3.697522e-11
-3.317208e-11
-2.975201e-11
-2.667729e-11
-2.391381e-11
-2.143075e-11
-1.920027e-11
-1.719724e-11
-1.539896e-11
-1.378493e-11
-1.233669e-11
-1.103756e-11
-9.872496e-12
-8.827952e-12
-7.891713e-12
-7.052772e-12
-6.301216e-12
-5.628118e-12
-5.025443e-12
-4.485957e-12
-4.003154e-12
-3.571179e-12
-3.184769e-12
-2.839190e-12
-2.530188e-12
-2.253940e-12
-2.007011e-12
-1.786312e-12
-1.589072e-12
-1.412801e-12
-1.255260e-12
-1.114441e-12
-9.885375e-13
-8.759273e-13
-7.751516e-13
-6.848979e-13
-6.039848e-13
-5.313473e-13
-4.660241e-13
-4.071457e-13
-3.539241e-13
-3.056425e-13
-2.616467e-13
-2.213367e-13
-1.841588e-13
-1.495989e-13
-1.171754e-13
-8.643275e-14
-5.693556e-14
-2.822820e-14
0.000000e+00
