0.000000e+00
 1.000000e-08
2.018699e-08
3.068256e-08
4.166550e-08
5.330758e-08
6.578954e-08
7.930379e-08
9.405727e-08
1.102745e-07
1.282006e-07
1.481054e-07
1.702864e-07
1.950736e-07
2.228340e-07
2.539765e-07
2.889575e-07
3.282875e-07
3.725374e-07
4.223470e-07
4.784330e-07
5.415985e-07
6.127444e-07
6.928805e-07
7.831391e-07
8.847899e-07
9.992566e-07
1.128135e-06
1.273214e-06
1.436497e-06
1.620231e-06
1.826932e-06
2.059417e-06
2.320841e-06
2.614735e-06
2.945050e-06
3.316209e-06
3.733157e-06
4.201423e-06
4.727191e-06
5.317371e-06
5.979682e-06
6.722749e-06
7.556205e-06
8.490800e-06
9.538537e-06
1.071281e-05
1.202855e-05
1.350243e-05
1.515301e-05
1.700102e-05
1.906950e-05
2.138418e-05
2.397367e-05
2.686985e-05
3.010819e-05
3.372818e-05
3.777374e-05
4.229371e-05
4.734241e-05
5.298022e-05
5.927424e-05
6.629901e-05
7.413733e-05
8.288111e-05
9.263243e-05
1.035045e-04
1.156231e-04
1.291274e-04
1.441721e-04
1.609284e-04
1.795862e-04
2.003560e-04
2.234706e-04
2.491880e-04
2.777940e-04
3.096045e-04
3.449694e-04
3.842755e-04
4.279506e-04
4.764677e-04
5.303493e-04
5.901731e-04
6.565770e-04
7.302653e-04
8.120159e-04
9.026871e-04
1.003226e-03
1.114677e-03
1.238193e-03
1.375043e-03
1.526627e-03
1.694488e-03
1.880325e-03
2.086009e-03
2.313600e-03
2.565365e-03
2.843799e-03
3.151646e-03
3.491924e-03
3.867951e-03
4.283374e-03
4.742199e-03
5.248829e-03
5.808097e-03
6.425311e-03
7.106295e-03
7.857442e-03
8.685762e-03
9.598944e-03
1.060542e-02
1.171443e-02
1.293609e-02
1.428150e-02
1.576281e-02
1.739330e-02
1.918754e-02
2.116145e-02
2.333245e-02
2.571960e-02
2.834371e-02
3.122757e-02
3.439603e-02
3.787629e-02
4.169801e-02
4.589358e-02
5.049838e-02
5.555099e-02
6.109349e-02
6.717179e-02
7.383592e-02
8.114043e-02
8.914474e-02
9.791359e-02
1.075175e-01
1.180331e-01
1.295441e-01
1.421413e-01
1.559235e-01
1.709983e-01
1.874825e-01
2.055032e-01
2.251983e-01
2.467179e-01
2.702246e-01
2.958952e-01
3.239216e-01
3.545118e-01
3.878914e-01
4.243054e-01
4.640190e-01
5.073198e-01
5.545193e-01
6.059549e-01
6.619921e-01
7.230263e-01
7.894856e-01
8.618331e-01
9.405695e-01
1.026237e+00
1.119420e+00
1.220751e+00
1.330915e+00
1.450648e+00
1.580748e+00
1.722076e+00
1.875558e+00
2.042197e+00
2.223073e+00
2.419349e+00
2.632280e+00
2.863219e+00
3.113621e+00
3.385056e+00
3.679211e+00
3.997905e+00
4.343091e+00
4.716875e+00
5.121516e+00
5.559446e+00
6.033278e+00
6.545818e+00
7.100083e+00
7.699308e+00
8.346969e+00
9.046794e+00
9.802784e+00
1.061923e+01
1.150073e+01
1.245221e+01
1.347897e+01
1.458665e+01
1.578131e+01
1.706945e+01
1.845801e+01
1.995442e+01
2.156661e+01
2.330310e+01
2.517296e+01
2.718590e+01
2.935229e+01
3.168320e+01
3.419045e+01
3.688668e+01
3.978534e+01
4.290080e+01
4.624838e+01
4.984442e+01
5.370631e+01
5.785261e+01
6.230306e+01
6.707870e+01
7.220191e+01
7.769652e+01
8.358788e+01
8.990293e+01
9.667033e+01
1.039205e+02
1.116859e+02
1.200008e+02
1.289018e+02
1.384275e+02
1.486191e+02
1.595202e+02
1.711771e+02
1.836388e+02
1.969572e+02
2.111875e+02
2.263880e+02
2.426205e+02
2.599503e+02
2.784467e+02
2.981827e+02
3.192360e+02
3.416882e+02
3.656259e+02
3.911404e+02
4.183283e+02
4.472915e+02
4.781376e+02
5.109801e+02
5.459386e+02
5.831396e+02
6.227160e+02
6.648082e+02
7.095639e+02
7.571388e+02
8.076967e+02
8.614100e+02
9.184602e+02
9.790381e+02
1.043344e+03
1.111590e+03
1.183996e+03
1.260796e+03
1.342234e+03
1.428566e+03
1.520062e+03
1.617004e+03
1.719689e+03
1.828426e+03
1.943540e+03
2.065374e+03
2.194283e+03
2.330641e+03
2.474839e+03
2.627286e+03
2.788409e+03
2.958657e+03
3.138495e+03
3.328412e+03
3.528918e+03
3.740545e+03
3.963848e+03
4.199407e+03
4.447825e+03
4.709733e+03
4.985787e+03
5.276670e+03
5.583095e+03
5.905802e+03
6.245563e+03
6.603180e+03
6.979486e+03
7.375350e+03
7.791671e+03
8.229385e+03
8.689464e+03
9.172917e+03
9.680788e+03
1.021416e+04
1.077417e+04
1.136196e+04
1.197876e+04
1.262581e+04
1.330441e+04
1.401588e+04
1.476163e+04
1.554308e+04
1.636170e+04
1.721903e+04
1.811665e+04
1.905618e+04
2.003930e+04
2.106775e+04
2.214331e+04
2.326782e+04
2.444318e+04
2.567134e+04
2.695431e+04
2.829416e+04
2.969300e+04
3.115302e+04
3.267647e+04
3.426565e+04
3.592291e+04
3.765069e+04
3.945147e+04
4.132780e+04
4.328228e+04
4.531759e+04
4.743647e+04
4.964170e+04
5.193616e+04
5.432276e+04
5.680449e+04
5.938438e+04
6.206556e+04
6.485119e+04
6.774450e+04
7.074878e+04
7.386738e+04
7.710370e+04
8.046122e+04
8.394345e+04
8.755396e+04
9.129640e+04
9.517443e+04
9.919180e+04
1.033523e+05
1.076597e+05
1.121179e+05
1.167309e+05
1.215026e+05
1.264369e+05
1.315379e+05
1.368098e+05
1.422564e+05
1.478821e+05
1.536909e+05
1.596869e+05
1.658745e+05
1.722576e+05
1.788407e+05
1.856277e+05
1.926231e+05
1.998309e+05
2.072553e+05
2.149005e+05
2.227708e+05
2.308701e+05
2.392027e+05
2.477726e+05
2.565838e+05
2.656403e+05
2.749462e+05
2.845051e+05
2.943211e+05
3.043978e+05
3.147389e+05
3.253480e+05
3.362286e+05
3.473842e+05
3.588180e+05
3.705333e+05
3.825331e+05
3.948205e+05
4.073983e+05
4.202691e+05
4.334356e+05
4.469002e+05
4.606651e+05
4.747324e+05
4.891041e+05
5.037818e+05
5.187672e+05
5.340617e+05
5.496663e+05
5.655820e+05
5.818096e+05
5.983497e+05
6.152024e+05
6.323679e+05
6.498459e+05
6.676361e+05
6.857378e+05
7.041499e+05
7.228714e+05
7.419006e+05
7.612359e+05
7.808752e+05
8.008161e+05
8.210560e+05
8.415920e+05
8.624208e+05
8.835389e+05
9.049424e+05
9.266272e+05
9.485887e+05
9.708222e+05
9.933224e+05
1.016084e+06
1.039101e+06
1.062368e+06
1.085877e+06
1.109623e+06
1.133597e+06
1.157793e+06
1.182203e+06
1.206819e+06
1.231632e+06
1.256633e+06
1.281814e+06
1.307164e+06
1.332675e+06
1.358335e+06
1.384136e+06
1.410065e+06
1.436113e+06
1.462267e+06
1.488517e+06
1.514849e+06
1.541253e+06
1.567716e+06
1.594225e+06
1.620768e+06
1.647330e+06
1.673900e+06
1.700462e+06
1.727004e+06
1.753511e+06
1.779969e+06
1.806364e+06
1.832681e+06
1.858906e+06
1.885023e+06
1.911018e+06
1.936875e+06
1.962580e+06
1.988117e+06
2.013471e+06
2.038626e+06
2.063567e+06
2.088278e+06
2.112745e+06
2.136951e+06
2.160881e+06
2.184520e+06
2.207852e+06
2.230862e+06
2.253535e+06
2.275855e+06
2.297809e+06
2.319380e+06
2.340555e+06
2.361318e+06
2.381656e+06
2.401554e+06
2.420998e+06
2.439976e+06
2.458472e+06
2.476475e+06
2.493971e+06
2.510947e+06
2.527392e+06
2.543294e+06
2.558640e+06
2.573421e+06
2.587624e+06
2.601239e+06
2.614257e+06
2.626668e+06
2.638462e+06
2.649630e+06
2.660165e+06
2.670058e+06
2.679301e+06
2.687889e+06
2.695814e+06
2.703070e+06
2.709651e+06
2.715554e+06
2.720773e+06
2.725304e+06
2.729144e+06
2.732290e+06
2.734739e+06
2.736490e+06
2.737541e+06
2.737891e+06
2.737541e+06
2.736490e+06
2.734739e+06
2.732290e+06
2.729144e+06
2.725304e+06
2.720773e+06
2.715554e+06
2.709651e+06
2.703070e+06
2.695814e+06
2.687889e+06
2.679301e+06
2.670058e+06
2.660165e+06
2.649630e+06
2.638462e+06
2.626668e+06
2.614257e+06
2.601239e+06
2.587624e+06
2.573421e+06
2.558640e+06
2.543294e+06
2.527392e+06
2.510947e+06
2.493971e+06
2.476475e+06
2.458472e+06
2.439976e+06
2.420998e+06
2.401554e+06
2.381656e+06
2.361318e+06
2.340555e+06
2.319380e+06
2.297809e+06
2.275855e+06
2.253535e+06
2.230862e+06
2.207852e+06
2.184520e+06
2.160881e+06
2.136951e+06
2.112745e+06
2.088278e+06
2.063567e+06
2.038626e+06
2.013471e+06
1.988117e+06
1.962580e+06
1.936875e+06
1.911018e+06
1.885023e+06
1.858906e+06
1.832681e+06
1.806364e+06
1.779969e+06
1.753511e+06
1.727004e+06
1.700462e+06
1.673900e+06
1.647330e+06
1.620768e+06
1.594225e+06
1.567716e+06
1.541253e+06
1.514849e+06
1.488517e+06
1.462267e+06
1.436113e+06
1.410065e+06
1.384136e+06
1.358335e+06
1.332675e+06
1.307164e+06
1.281814e+06
1.256633e+06
1.231632e+06
1.206819e+06
1.182203e+06
1.157793e+06
1.133597e+06
1.109623e+06
1.085877e+06
1.062368e+06
1.039101e+06
1.016084e+06
9.933224e+05
9.708222e+05
9.485887e+05
9.266272e+05
9.049424e+05
8.835389e+05
8.624208e+05
8.415920e+05
8.210560e+05
8.008161e+05
7.808752e+05
7.612359e+05
7.419006e+05
7.228714e+05
7.041499e+05
6.857378e+05
6.676361e+05
6.498459e+05
6.323679e+05
6.152024e+05
5.983497e+05
5.818096e+05
5.655820e+05
5.496663e+05
5.340617e+05
5.187672e+05
5.037818e+05
4.891041e+05
4.747324e+05
4.606651e+05
4.469002e+05
4.334356e+05
4.202691e+05
4.073983e+05
3.948205e+05
3.825331e+05
3.705333e+05
3.588180e+05
3.473842e+05
3.362286e+05
3.253480e+05
3.147389e+05
3.043978e+05
2.943211e+05
2.845051e+05
2.749462e+05
2.656403e+05
2.565838e+05
2.477726e+05
2.392027e+05
2.308701e+05
2.227708e+05
2.149005e+05
2.072553e+05
1.998309e+05
1.926231e+05
1.856277e+05
1.788407e+05
1.722576e+05
1.658745e+05
1.596869e+05
1.536909e+05
1.478821e+05
1.422564e+05
1.368097e+05
1.315379e+05
1.264369e+05
1.215025e+05
1.167309e+05
1.121179e+05
1.076597e+05
1.033523e+05
9.919178e+04
9.517441e+04
9.129638e+04
8.755394e+04
8.394343e+04
8.046120e+04
7.710368e+04
7.386736e+04
7.074876e+04
6.774448e+04
6.485117e+04
6.206554e+04
5.938436e+04
5.680446e+04
5.432274e+04
5.193614e+04
4.964168e+04
4.743644e+04
4.531756e+04
4.328225e+04
4.132777e+04
3.945144e+04
3.765066e+04
3.592288e+04
3.426561e+04
3.267643e+04
3.115298e+04
2.969296e+04
2.829411e+04
2.695427e+04
2.567130e+04
2.444313e+04
2.326777e+04
2.214325e+04
2.106769e+04
2.003924e+04
1.905612e+04
1.811659e+04
1.721897e+04
1.636163e+04
1.554300e+04
1.476156e+04
1.401581e+04
1.330432e+04
1.262573e+04
1.197867e+04
1.136187e+04
1.077407e+04
1.021406e+04
9.680678e+03
9.172801e+03
8.689343e+03
8.229258e+03
7.791537e+03
7.375209e+03
6.979338e+03
6.603024e+03
6.245399e+03
5.905630e+03
5.582914e+03
5.276480e+03
4.985586e+03
4.709522e+03
4.447602e+03
4.199172e+03
3.963600e+03
3.740284e+03
3.528642e+03
3.328121e+03
3.138188e+03
2.958333e+03
2.788067e+03
2.626924e+03
2.474457e+03
2.330237e+03
2.193856e+03
2.064923e+03
1.943063e+03
1.827920e+03
1.719154e+03
1.616438e+03
1.519463e+03
1.427931e+03
1.341561e+03
1.260083e+03
1.183240e+03
1.110788e+03
1.042494e+03
9.781353e+02
9.175020e+02
8.603927e+02
8.066164e+02
7.559913e+02
7.083446e+02
6.635123e+02
6.213383e+02
5.816745e+02
5.443802e+02
5.093219e+02
4.763728e+02
4.454128e+02
4.163277e+02
3.890094e+02
3.633553e+02
3.392684e+02
3.166563e+02
2.954320e+02
2.755126e+02
2.568200e+02
2.392798e+02
2.228218e+02
2.073795e+02
1.928899e+02
1.792934e+02
1.665333e+02
1.545562e+02
1.433114e+02
1.327507e+02
1.228286e+02
1.135018e+02
1.047294e+02
9.647219e+01
8.869325e+01
8.135726e+01
7.443062e+01
6.788126e+01
6.167850e+01
5.579301e+01
5.019660e+01
4.486217e+01
3.976360e+01
3.487558e+01
3.017357e+01
2.563363e+01
2.123238e+01
1.694681e+01
1.275422e+01
8.632107e+00
4.558016e+00
5.094479e-01
-3.536271e+00
-7.602117e+00
-1.171150e+01
-1.588842e+01
-2.015757e+01
-2.454453e+01
-2.907594e+01
-3.377960e+01
-3.868476e+01
-4.382224e+01
-4.922466e+01
-5.492669e+01
-6.096528e+01
-6.737992e+01
-7.421296e+01
-8.150988e+01
-8.931967e+01
-9.769518e+01
-1.066935e+02
-1.163765e+02
-1.268112e+02
-1.380703e+02
-1.502328e+02
-1.633846e+02
-1.776194e+02
-1.930390e+02
-2.097545e+02
-2.278872e+02
-2.475692e+02
-2.689452e+02
-2.921730e+02
-3.174251e+02
-3.448905e+02
-3.747756e+02
-4.073065e+02
-4.427308e+02
-4.813195e+02
-5.233697e+02
-5.692072e+02
-6.191887e+02
-6.737058e+02
-7.331880e+02
-7.981065e+02
-8.689784e+02
-9.463717e+02
-1.030910e+03
-1.123278e+03
-1.224229e+03
-1.334589e+03
-1.455269e+03
-1.587267e+03
-1.731684e+03
-1.889730e+03
-2.062735e+03
-2.252165e+03
-2.459633e+03
-2.686915e+03
-2.935969e+03
-3.208950e+03
-3.508233e+03
-3.836437e+03
-4.196450e+03
-4.591456e+03
-5.024966e+03
-5.500857e+03
-6.023405e+03
-6.597330e+03
-7.227847e+03
-7.920711e+03
-8.682284e+03
-9.519592e+03
-1.044040e+04
-1.145330e+04
-1.256778e+04
-1.379434e+04
-1.514461e+04
-1.663143e+04
-1.826903e+04
-2.007317e+04
-2.206129e+04
-2.425271e+04
-2.666884e+04
-2.933339e+04
-3.227267e+04
-3.551582e+04
-3.909518e+04
-4.304660e+04
-4.740989e+04
-5.222919e+04
-5.755352e+04
-6.343732e+04
-6.994102e+04
-7.713179e+04
-8.508423e+04
-9.388126e+04
-1.036151e+05
-1.143882e+05
-1.263146e+05
-1.395212e+05
-1.541490e+05
-1.703553e+05
-1.883148e+05
-2.082224e+05
-2.302950e+05
-2.547743e+05
-2.819297e+05
-3.120613e+05
-3.455041e+05
-3.826311e+05
-4.238590e+05
-4.696524e+05
-5.205298e+05
-5.770701e+05
-6.399197e+05
-7.098005e+05
-7.875189e+05
-8.739762e+05
-9.701794e+05
-1.077255e+06
-1.196461e+06
-1.329206e+06
-1.477067e+06
-1.641806e+06
-1.825396e+06
-2.030047e+06
-2.258234e+06
-2.512729e+06
-2.796636e+06
-3.113436e+06
-3.467031e+06
-3.861795e+06
-4.302633e+06
-4.795050e+06
-5.345220e+06
-5.960074e+06
-6.647394e+06
-7.415915e+06
-8.275451e+06
-9.237027e+06
-1.031303e+07
-1.151739e+07
-1.286576e+07
-1.437574e+07
-1.606714e+07
-1.796223e+07
-2.008610e+07
-2.246697e+07
-2.513663e+07
-2.813085e+07
-3.148996e+07
-3.525940e+07
-3.949037e+07
-4.424059e+07
-4.957514e+07
-5.556745e+07
-6.230034e+07
-6.986726e+07
-7.837372e+07
-8.793880e+07
-9.869701e+07
-1.108003e+08
-1.244202e+08
-1.397508e+08
-1.570114e+08
-1.764499e+08
-1.983466e+08
-2.230188e+08
-2.508254e+08
-2.821726e+08
-3.175202e+08
-3.573890e+08
-4.023688e+08
-4.531277e+08
-5.104229e+08
-5.751126e+08
-6.481699e+08
-7.306982e+08
-8.239492e+08
-9.293429e+08
-1.048491e+09
-1.183223e+09
-1.335616e+09
-1.508030e+09
-1.703144e+09
-1.924003e+09
-2.174069e+09
-2.457277e+09
-2.778100e+09
-3.141629e+09
-3.553652e+09
-4.020759e+09
-4.550448e+09
-5.151260e+09
-5.832916e+09
-6.606495e+09
-7.484616e+09
-8.481662e+09
-9.614029e+09
-1.090041e+10
-1.236213e+10
-1.402352e+10
