0.000000e+00
 1.000000e-08
2.018699e-08
3.068256e-08
4.166550e-08
5.330758e-08
6.578954e-08
7.930379e-08
9.405727e-08
1.102745e-07
1.282006e-07
1.481054e-07
1.702864e-07
1.950736e-07
2.228340e-07
2.539765e-07
2.889575e-07
3.282875e-07
3.725374e-07
4.223470e-07
4.784330e-07
5.415985e-07
6.127444e-07
6.928805e-07
7.831391e-07
8.847899e-07
9.992566e-07
1.128135e-06
1.273214e-06
1.436497e-06
1.620231e-06
1.826932e-06
2.059417e-06
2.320841e-06
2.614735e-06
2.945050e-06
3.316209e-06
3.733157e-06
4.201423e-06
4.727191e-06
5.317371e-06
5.979682e-06
6.722749e-06
7.556205e-06
8.490800e-06
9.538537e-06
1.071281e-05
1.202855e-05
1.350243e-05
1.515301e-05
1.700102e-05
1.906950e-05
2.138418e-05
2.397367e-05
2.686985e-05
3.010819e-05
3.372818e-05
3.777374e-05
4.229371e-05
4.734241e-05
5.298022e-05
5.927424e-05
6.629901e-05
7.413733e-05
8.288111e-05
9.263243e-05
1.035045e-04
1.156231e-04
1.291274e-04
1.441721e-04
1.609284e-04
1.795862e-04
2.003560e-04
2.234706e-04
2.491880e-04
2.777940e-04
3.096045e-04
3.449694e-04
3.842755e-04
4.279506e-04
4.764677e-04
5.303493e-04
5.901731e-04
6.565770e-04
7.302653e-04
8.120159e-04
9.026871e-04
1.003226e-03
1.114677e-03
1.238193e-03
1.375043e-03
1.526627e-03
1.694488e-03
1.880325e-03
2.086009e-03
2.313600e-03
2.565365e-03
2.843799e-03
3.151646e-03
3.491924e-03
3.867951e-03
4.283374e-03
4.742199e-03
5.248829e-03
5.808097e-03
6.425311e-03
7.106295e-03
7.857442e-03
8.685762e-03
9.598944e-03
1.060542e-02
1.171443e-02
1.293609e-02
1.428150e-02
1.576281e-02
1.739330e-02
1.918754e-02
2.116145e-02
2.333245e-02
2.571960e-02
2.834371e-02
3.122757e-02
3.439603e-02
3.787629e-02
4.169801e-02
4.589358e-02
5.049838e-02
5.555099e-02
6.109349e-02
6.717179e-02
7.383592e-02
8.114043e-02
8.914474e-02
9.791359e-02
1.075175e-01
1.180331e-01
1.295441e-01
1.421413e-01
1.559235e-01
1.709983e-01
1.874825e-01
2.055032e-01
2.251983e-01
2.467179e-01
2.702246e-01
2.958952e-01
3.239216e-01
3.545118e-01
3.878914e-01
4.243054e-01
4.640190e-01
5.073198e-01
5.545193e-01
6.059549e-01
6.619921e-01
7.230263e-01
7.894856e-01
8.618331e-01
9.405695e-01
1.026237e+00
1.119420e+00
1.220751e+00
1.330915e+00
1.450648e+00
1.580748e+00
1.722076e+00
1.875558e+00
2.042197e+00
2.223073e+00
2.419349e+00
2.632280e+00
2.863219e+00
3.113621e+00
3.385056e+00
3.679211e+00
3.997905e+00
4.343091e+00
4.716875e+00
5.121516e+00
5.559446e+00
6.033278e+00
6.545818e+00
7.100083e+00
7.699308e+00
8.346969e+00
9.046794e+00
9.802784e+00
1.061923e+01
1.150073e+01
1.245221e+01
1.347897e+01
1.458665e+01
1.578131e+01
1.706945e+01
1.845801e+01
1.995442e+01
2.156661e+01
2.330310e+01
2.517296e+01
2.718590e+01
2.935229e+01
3.168320e+01
3.419045e+01
3.688668e+01
3.978534e+01
4.290080e+01
4.624838e+01
4.984442e+01
5.370631e+01
5.785261e+01
6.230306e+01
6.707870e+01
7.220191e+01
7.769652e+01
8.358788e+01
8.990293e+01
9.667033e+01
1.039205e+02
1.116859e+02
1.200008e+02
1.289018e+02
1.384275e+02
1.486191e+02
1.595202e+02
1.711771e+02
1.836388e+02
1.969572e+02
2.111875e+02
2.263880e+02
2.426205e+02
2.599503e+02
2.784467e+02
2.981827e+02
3.192360e+02
3.416882e+02
3.656259e+02
3.911404e+02
4.183283e+02
4.472915e+02
4.781376e+02
5.109801e+02
5.459386e+02
5.831396e+02
6.227160e+02
6.648082e+02
7.095639e+02
7.571388e+02
8.076967e+02
8.614100e+02
9.184602e+02
9.790381e+02
1.043344e+03
1.111590e+03
1.183996e+03
1.260796e+03
1.342234e+03
1.428566e+03
1.520062e+03
1.617004e+03
1.719689e+03
1.828426e+03
1.943540e+03
2.065374e+03
2.194283e+03
2.330641e+03
2.474839e+03
2.627286e+03
2.788409e+03
2.958657e+03
3.138495e+03
3.328412e+03
3.528918e+03
3.740545e+03
3.963848e+03
4.199407e+03
4.447825e+03
4.709733e+03
4.985787e+03
5.276670e+03
5.583095e+03
5.905802e+03
6.245563e+03
6.603180e+03
6.979486e+03
7.375350e+03
7.791671e+03
8.229385e+03
8.689464e+03
9.172917e+03
9.680788e+03
1.021416e+04
1.077417e+04
1.136196e+04
1.197876e+04
1.262581e+04
1.330441e+04
1.401588e+04
1.476163e+04
1.554308e+04
1.636170e+04
1.721903e+04
1.811665e+04
1.905618e+04
2.003930e+04
2.106775e+04
2.214331e+04
2.326782e+04
2.444318e+04
2.567134e+04
2.695431e+04
2.829416e+04
2.969300e+04
3.115302e+04
3.267647e+04
3.426565e+04
3.592291e+04
3.765069e+04
3.945147e+04
4.132780e+04
4.328228e+04
4.531759e+04
4.743647e+04
4.964170e+04
5.193616e+04
5.432276e+04
5.680449e+04
5.938438e+04
6.206556e+04
6.485119e+04
6.774450e+04
7.074878e+04
7.386738e+04
7.710370e+04
8.046122e+04
8.394345e+04
8.755396e+04
9.129640e+04
9.517443e+04
9.919180e+04
1.033523e+05
1.076597e+05
1.121179e+05
1.167309e+05
1.215026e+05
1.264369e+05
1.315379e+05
1.368098e+05
1.422564e+05
1.478821e+05
1.536909e+05
1.596869e+05
1.658745e+05
1.722576e+05
1.788407e+05
1.856277e+05
1.926231e+05
1.998309e+05
2.072553e+05
2.149005e+05
2.227708e+05
2.308701e+05
2.392027e+05
2.477726e+05
2.565838e+05
2.656403e+05
2.749462e+05
2.845051e+05
2.943211e+05
3.043978e+05
3.147389e+05
3.253480e+05
3.362286e+05
3.473842e+05
3.588180e+05
3.705333e+05
3.825331e+05
3.948205e+05
4.073983e+05
4.202691e+05
4.334356e+05
4.469002e+05
4.606651e+05
4.747324e+05
4.891041e+05
5.037818e+05
5.187672e+05
5.340617e+05
5.496663e+05
5.655820e+05
5.818096e+05
5.983497e+05
6.152024e+05
6.323679e+05
6.498459e+05
6.676361e+05
6.857378e+05
7.041499e+05
7.228714e+05
7.419006e+05
7.612359e+05
7.808752e+05
8.008161e+05
8.210560e+05
8.415920e+05
8.624208e+05
8.835389e+05
9.049424e+05
9.266272e+05
9.485887e+05
9.708222e+05
9.933224e+05
1.016084e+06
1.039101e+06
1.062368e+06
1.085877e+06
1.109623e+06
1.133597e+06
1.157793e+06
1.182203e+06
1.206819e+06
1.231632e+06
1.256633e+06
1.281814e+06
1.307164e+06
1.332675e+06
1.358335e+06
1.384136e+06
1.410065e+06
1.436113e+06
1.462267e+06
1.488517e+06
1.514849e+06
1.541253e+06
1.567716e+06
1.594225e+06
1.620768e+06
1.647330e+06
1.673900e+06
1.700462e+06
1.727004e+06
1.753511e+06
1.779969e+06
1.806364e+06
1.832681e+06
1.858906e+06
1.885023e+06
1.911018e+06
1.936875e+06
1.962580e+06
1.988117e+06
2.013471e+06
2.038626e+06
2.063567e+06
2.088278e+06
2.112745e+06
2.136951e+06
2.160881e+06
2.184520e+06
2.207852e+06
2.230862e+06
2.253535e+06
2.275855e+06
2.297809e+06
2.319380e+06
2.340555e+06
2.361318e+06
2.381656e+06
2.401554e+06
2.420998e+06
2.439976e+06
2.458472e+06
2.476475e+06
2.493971e+06
2.510947e+06
2.527392e+06
2.543294e+06
2.558640e+06
2.573421e+06
2.587624e+06
2.601239e+06
2.614257e+06
2.626668e+06
2.638462e+06
2.649630e+06
2.660165e+06
2.670058e+06
2.679301e+06
2.687889e+06
2.695814e+06
2.703070e+06
2.709651e+06
2.715554e+06
2.720773e+06
2.725304e+06
2.729144e+06
2.732290e+06
2.734739e+06
2.736490e+06
2.737541e+06
2.737891e+06
2.737541e+06
0.000000e+00
 1.000000e-08
2.018721e-08
3.068289e-08
4.166595e-08
5.330816e-08
6.579025e-08
7.930465e-08
9.405829e-08
1.102756e-07
1.282020e-07
1.481070e-07
1.702882e-07
1.950757e-07
2.228364e-07
2.539792e-07
2.889606e-07
3.282909e-07
3.725414e-07
4.223515e-07
4.784380e-07
5.416042e-07
6.127508e-07
6.928877e-07
7.831472e-07
8.847991e-07
9.992670e-07
1.128147e-06
1.273227e-06
1.436512e-06
1.620248e-06
1.826951e-06
2.059438e-06
2.320865e-06
2.614761e-06
2.945080e-06
3.316243e-06
3.733194e-06
4.201466e-06
4.727239e-06
5.317424e-06
5.979742e-06
6.722817e-06
7.556280e-06
8.490884e-06
9.538632e-06
1.071291e-05
1.202867e-05
1.350256e-05
1.515316e-05
1.700118e-05
1.906969e-05
2.138439e-05
2.397390e-05
2.687011e-05
3.010848e-05
3.372851e-05
3.777410e-05
4.229412e-05
4.734287e-05
5.298073e-05
5.927481e-05
6.629965e-05
7.413803e-05
8.288190e-05
9.263331e-05
1.035055e-04
1.156242e-04
1.291286e-04
1.441734e-04
1.609299e-04
1.795879e-04
2.003578e-04
2.234726e-04
2.491903e-04
2.777966e-04
3.096074e-04
3.449726e-04
3.842791e-04
4.279546e-04
4.764720e-04
5.303542e-04
5.901785e-04
6.565829e-04
7.302720e-04
8.120233e-04
9.026953e-04
1.003235e-03
1.114687e-03
1.238204e-03
1.375055e-03
1.526641e-03
1.694503e-03
1.880342e-03
2.086028e-03
2.313621e-03
2.565388e-03
2.843824e-03
3.151674e-03
3.491955e-03
3.867985e-03
4.283411e-03
4.742240e-03
5.248875e-03
5.808148e-03
6.425366e-03
7.106356e-03
7.857509e-03
8.685836e-03
9.599026e-03
1.060551e-02
1.171453e-02
1.293620e-02
1.428162e-02
1.576294e-02
1.739345e-02
1.918770e-02
2.116163e-02
2.333265e-02
2.571981e-02
2.834395e-02
3.122783e-02
3.439632e-02
3.787660e-02
4.169835e-02
4.589396e-02
5.049880e-02
5.555144e-02
6.109399e-02
6.717233e-02
7.383652e-02
8.114109e-02
8.914546e-02
9.791438e-02
1.075183e-01
1.180341e-01
1.295451e-01
1.421424e-01
1.559247e-01
1.709996e-01
1.874840e-01
2.055048e-01
2.252001e-01
2.467198e-01
2.702267e-01
2.958975e-01
3.239241e-01
3.545145e-01
3.878944e-01
4.243087e-01
4.640226e-01
5.073237e-01
5.545235e-01
6.059595e-01
6.619971e-01
7.230317e-01
7.894915e-01
8.618395e-01
9.405766e-01
1.026244e+00
1.119428e+00
1.220760e+00
1.330924e+00
1.450659e+00
1.580760e+00
1.722088e+00
1.875572e+00
2.042212e+00
2.223089e+00
2.419366e+00
2.632299e+00
2.863239e+00
3.113643e+00
3.385080e+00
3.679237e+00
3.997933e+00
4.343122e+00
4.716908e+00
5.121552e+00
5.559485e+00
6.033320e+00
6.545864e+00
7.100132e+00
7.699361e+00
8.347026e+00
9.046856e+00
9.802851e+00
1.061930e+01
1.150081e+01
1.245230e+01
1.347906e+01
1.458674e+01
1.578142e+01
1.706957e+01
1.845813e+01
1.995455e+01
2.156676e+01
2.330326e+01
2.517313e+01
2.718608e+01
2.935248e+01
3.168340e+01
3.419068e+01
3.688692e+01
3.978560e+01
4.290108e+01
4.624868e+01
4.984474e+01
5.370665e+01
5.785297e+01
6.230345e+01
6.707912e+01
7.220237e+01
7.769701e+01
8.358840e+01
8.990349e+01
9.667093e+01
1.039212e+02
1.116866e+02
1.200016e+02
1.289025e+02
1.384283e+02
1.486200e+02
1.595212e+02
1.711781e+02
1.836399e+02
1.969584e+02
2.111888e+02
2.263894e+02
2.426220e+02
2.599519e+02
2.784483e+02
2.981845e+02
3.192378e+02
3.416902e+02
3.656280e+02
3.911426e+02
4.183307e+02
4.472941e+02
4.781403e+02
5.109830e+02
5.459417e+02
5.831429e+02
6.227195e+02
6.648119e+02
7.095679e+02
7.571430e+02
8.077011e+02
8.614147e+02
9.184652e+02
9.790435e+02
1.043350e+03
1.111596e+03
1.184003e+03
1.260803e+03
1.342241e+03
1.428574e+03
1.520070e+03
1.617013e+03
1.719698e+03
1.828435e+03
1.943551e+03
2.065385e+03
2.194294e+03
2.330653e+03
2.474852e+03
2.627299e+03
2.788424e+03
2.958672e+03
3.138511e+03
3.328429e+03
3.528936e+03
3.740564e+03
3.963868e+03
4.199428e+03
4.447847e+03
4.709756e+03
4.985811e+03
5.276696e+03
5.583122e+03
5.905831e+03
6.245593e+03
6.603211e+03
6.979519e+03
7.375384e+03
7.791707e+03
8.229424e+03
8.689505e+03
9.172959e+03
9.680833e+03
1.021421e+04
1.077422e+04
1.136202e+04
1.197882e+04
1.262587e+04
1.330447e+04
1.401595e+04
1.476170e+04
1.554315e+04
1.636177e+04
1.721911e+04
1.811673e+04
1.905626e+04
2.003939e+04
2.106784e+04
2.214340e+04
2.326792e+04
2.444328e+04
2.567145e+04
2.695443e+04
2.829427e+04
2.969312e+04
3.115315e+04
3.267661e+04
3.426579e+04
3.592306e+04
3.765084e+04
3.945163e+04
4.132796e+04
4.328245e+04
4.531777e+04
4.743665e+04
4.964190e+04
5.193636e+04
5.432297e+04
5.680470e+04
5.938461e+04
6.206580e+04
6.485144e+04
6.774476e+04
7.074904e+04
7.386765e+04
7.710399e+04
8.046151e+04
8.394375e+04
8.755428e+04
9.129672e+04
9.517477e+04
9.919215e+04
1.033526e+05
1.076601e+05
1.121183e+05
1.167313e+05
1.215030e+05
1.264373e+05
1.315384e+05
1.368102e+05
1.422569e+05
1.478826e+05
1.536914e+05
1.596875e+05
1.658750e+05
1.722582e+05
1.788412e+05
1.856283e+05
1.926237e+05
1.998315e+05
2.072559e+05
2.149012e+05
2.227715e+05
2.308708e+05
2.392034e+05
2.477733e+05
2.565846e+05
2.656411e+05
2.749470e+05
2.845060e+05
2.943219e+05
3.043986e+05
3.147398e+05
3.253489e+05
3.362296e+05
3.473851e+05
3.588190e+05
3.705343e+05
3.825342e+05
3.948216e+05
4.073994e+05
4.202703e+05
4.334368e+05
4.469014e+05
4.606663e+05
4.747336e+05
4.891053e+05
5.037831e+05
5.187685e+05
5.340630e+05
5.496676e+05
5.655834e+05
5.818110e+05
5.983511e+05
6.152039e+05
6.323694e+05
6.498474e+05
6.676377e+05
6.857393e+05
7.041515e+05
7.228730e+05
7.419023e+05
7.612376e+05
7.808769e+05
8.008178e+05
8.210577e+05
8.415938e+05
8.624226e+05
8.835407e+05
9.049443e+05
9.266291e+05
9.485906e+05
9.708241e+05
9.933244e+05
1.016086e+06
1.039103e+06
1.062370e+06
1.085879e+06
1.109625e+06
1.133599e+06
1.157796e+06
1.182206e+06
1.206821e+06
1.231634e+06
1.256635e+06
1.281816e+06
1.307166e+06
1.332677e+06
1.358338e+06
1.384138e+06
1.410068e+06
1.436115e+06
1.462269e+06
1.488519e+06
1.514852e+06
1.541256e+06
1.567719e+06
1.594228e+06
1.620770e+06
1.647333e+06
1.673902e+06
1.700464e+06
1.727006e+06
1.753513e+06
1.779971e+06
1.806366e+06
1.832683e+06
1.858908e+06
1.885025e+06
1.911020e+06
1.936878e+06
1.962582e+06
1.988119e+06
2.013473e+06
2.038628e+06
2.063569e+06
2.088281e+06
2.112747e+06
2.136953e+06
2.160883e+06
2.184522e+06
2.207854e+06
2.230864e+06
2.253537e+06
2.275857e+06
2.297811e+06
2.319382e+06
2.340557e+06
2.361320e+06
2.381658e+06
2.401556e+06
2.421000e+06
2.439977e+06
2.458474e+06
2.476476e+06
2.493972e+06
2.510949e+06
2.527394e+06
2.543295e+06
2.558642e+06
2.573422e+06
2.587625e+06
2.601241e+06
2.614258e+06
2.626669e+06
2.638463e+06
2.649631e+06
2.660166e+06
2.670058e+06
2.679302e+06
2.687889e+06
2.695814e+06
2.703070e+06
2.709652e+06
2.715555e+06
2.720773e+06
2.725305e+06
2.729144e+06
2.732290e+06
2.734739e+06
2.736490e+06
2.737541e+06
2.737891e+06
2.737541e+06
