0.000000e+00
1.680125e-13
3.388770e-13
5.144424e-13
6.974207e-13
8.904035e-13
1.096102e-12
1.317382e-12
1.557305e-12
1.819165e-12
2.106534e-12
2.423306e-12
2.773747e-12
3.162547e-12
3.594881e-12
4.076470e-12
4.613654e-12
5.213466e-12
5.883714e-12
6.633084e-12
7.471231e-12
8.408903e-12
9.458061e-12
1.063202e-11
1.194560e-11
1.341532e-11
1.505953e-11
1.689868e-11
1.895555e-11
2.125544e-11
2.382652e-11
2.670014e-11
2.991113e-11
3.349821e-11
3.750445e-11
4.197766e-11
4.697099e-11
5.254343e-11
5.876049e-11
6.569487e-11
7.342724e-11
8.204708e-11
9.165364e-11
1.023569e-10
1.142788e-10
1.275545e-10
1.423335e-10
1.587816e-10
1.770822e-10
1.974382e-10
2.200742e-10
2.452387e-10
2.732063e-10
3.042805e-10
3.387968e-10
3.771258e-10
4.196769e-10
4.669017e-10
5.192992e-10
5.774196e-10
6.418700e-10
7.133197e-10
7.925068e-10
8.802445e-10
9.774290e-10
1.085047e-09
1.204186e-09
1.336041e-09
1.481930e-09
1.643299e-09
1.821743e-09
2.019012e-09
2.237030e-09
2.477913e-09
2.743983e-09
3.037792e-09
3.362139e-09
3.720098e-09
4.115041e-09
4.550666e-09
5.031028e-09
5.560571e-09
6.144165e-09
6.787147e-09
7.495358e-09
8.275196e-09
9.133661e-09
1.007841e-08
1.111783e-08
1.226107e-08
1.351816e-08
1.490003e-08
1.641864e-08
1.808704e-08
1.991949e-08
2.193155e-08
2.414018e-08
2.656392e-08
2.922294e-08
3.213925e-08
3.533684e-08
3.884184e-08
4.268269e-08
4.689038e-08
5.149862e-08
5.654411e-08
6.206673e-08
6.810988e-08
7.472073e-08
8.195052e-08
8.985493e-08
9.849444e-08
1.079347e-07
1.182469e-07
1.295084e-07
1.418029e-07
1.552215e-07
1.698627e-07
1.858331e-07
2.032485e-07
2.222341e-07
2.429255e-07
2.654693e-07
2.900244e-07
3.167624e-07
3.458689e-07
3.775444e-07
4.120057e-07
4.494870e-07
4.902408e-07
5.345402e-07
5.826794e-07
6.349760e-07
6.917725e-07
7.534380e-07
8.203703e-07
8.929979e-07
9.717823e-07
1.057220e-06
1.149847e-06
1.250237e-06
1.359009e-06
1.476829e-06
1.604411e-06
1.742524e-06
1.891992e-06
2.053701e-06
2.228602e-06
2.417716e-06
2.622136e-06
2.843035e-06
3.081671e-06
3.339392e-06
3.617641e-06
3.917964e-06
4.242014e-06
4.591563e-06
4.968503e-06
5.374860e-06
5.812797e-06
6.284628e-06
6.792823e-06
7.340020e-06
7.929034e-06
8.562872e-06
9.244737e-06
9.978047e-06
1.076644e-05
1.161381e-05
1.252429e-05
1.350226e-05
1.455244e-05
1.567979e-05
1.688962e-05
1.818757e-05
1.957964e-05
2.107219e-05
2.267198e-05
2.438620e-05
2.622246e-05
2.818884e-05
3.029393e-05
3.254681e-05
3.495711e-05
3.753503e-05
4.029137e-05
4.323757e-05
4.638574e-05
4.974866e-05
5.333987e-05
5.717367e-05
6.126516e-05
6.563030e-05
7.028594e-05
7.524984e-05
8.054075e-05
8.617843e-05
9.218373e-05
9.857857e-05
1.053861e-04
1.126306e-04
1.203377e-04
1.285343e-04
1.372488e-04
1.465109e-04
1.563518e-04
1.668044e-04
1.779031e-04
1.896841e-04
2.021852e-04
2.154462e-04
2.295088e-04
2.444165e-04
2.602150e-04
2.769520e-04
2.946776e-04
3.134439e-04
3.333056e-04
3.543196e-04
3.765454e-04
4.000453e-04
4.248840e-04
4.511290e-04
4.788507e-04
5.081225e-04
5.390207e-04
5.716247e-04
6.060171e-04
6.422838e-04
6.805140e-04
7.208004e-04
7.632390e-04
8.079297e-04
8.549759e-04
9.044847e-04
9.565672e-04
1.011338e-03
1.068917e-03
1.129425e-03
1.192991e-03
1.259746e-03
1.329824e-03
1.403366e-03
1.480515e-03
1.561421e-03
1.646234e-03
1.735114e-03
1.828221e-03
1.925721e-03
2.027785e-03
2.134588e-03
2.246309e-03
2.363133e-03
2.485248e-03
2.612846e-03
2.746125e-03
2.885286e-03
3.030534e-03
3.182080e-03
3.340137e-03
3.504922e-03
3.676658e-03
3.855569e-03
4.041883e-03
4.235834e-03
4.437655e-03
4.647585e-03
4.865864e-03
5.092736e-03
5.328447e-03
5.573243e-03
5.827373e-03
6.091088e-03
6.364640e-03
6.648279e-03
6.942258e-03
7.246830e-03
7.562245e-03
7.888754e-03
8.226606e-03
8.576048e-03
8.937324e-03
9.310676e-03
9.696341e-03
1.009455e-02
1.050554e-02
1.092953e-02
1.136673e-02
1.181736e-02
1.228162e-02
1.275970e-02
1.325180e-02
1.375808e-02
1.427872e-02
1.481387e-02
1.536366e-02
1.592824e-02
1.650772e-02
1.710219e-02
1.771175e-02
1.833646e-02
1.897638e-02
1.963155e-02
2.030197e-02
2.098764e-02
2.168854e-02
2.240462e-02
2.313581e-02
2.388202e-02
2.464313e-02
2.541899e-02
2.620943e-02
2.701427e-02
2.783326e-02
2.866616e-02
2.951268e-02
3.037251e-02
3.124530e-02
3.213067e-02
3.302820e-02
3.393747e-02
3.485797e-02
3.578920e-02
3.673061e-02
3.768161e-02
3.864157e-02
3.960985e-02
4.058573e-02
4.156848e-02
4.255733e-02
4.355147e-02
4.455006e-02
4.555219e-02
4.655694e-02
4.756336e-02
4.857043e-02
4.957713e-02
5.058236e-02
5.158503e-02
5.258397e-02
5.357801e-02
5.456592e-02
5.554645e-02
5.651832e-02
5.748020e-02
5.843075e-02
5.936859e-02
6.029232e-02
6.120049e-02
6.209166e-02
6.296434e-02
6.381703e-02
6.464821e-02
6.545634e-02
6.623987e-02
6.699723e-02
6.772685e-02
6.842714e-02
6.909650e-02
6.973336e-02
7.033611e-02
7.090317e-02
7.143295e-02
7.192387e-02
7.237438e-02
7.278293e-02
7.314798e-02
7.346803e-02
7.374159e-02
7.396722e-02
7.414349e-02
7.426902e-02
7.434245e-02
7.436250e-02
7.432789e-02
7.423743e-02
7.408996e-02
7.388438e-02
7.361966e-02
7.329484e-02
7.290900e-02
7.246132e-02
7.195105e-02
7.137750e-02
7.074009e-02
7.003830e-02
6.927171e-02
6.843999e-02
6.754291e-02
6.658033e-02
6.555221e-02
6.445860e-02
6.329969e-02
6.207574e-02
6.078713e-02
5.943437e-02
5.801805e-02
5.653890e-02
5.499775e-02
5.339555e-02
5.173337e-02
5.001241e-02
4.823395e-02
4.639943e-02
4.451038e-02
4.256846e-02
4.057544e-02
3.853322e-02
3.644380e-02
3.430930e-02
3.213194e-02
2.991407e-02
2.765813e-02
2.536668e-02
2.304235e-02
2.068791e-02
1.830620e-02
1.590016e-02
1.347282e-02
1.102727e-02
8.566707e-03
6.094393e-03
3.613656e-03
1.127889e-03
-1.359456e-03
-3.844876e-03
-6.324821e-03
-8.795697e-03
-1.125388e-02
-1.369572e-02
-1.611754e-02
-1.851565e-02
-2.088636e-02
-2.322597e-02
-2.553080e-02
-2.779716e-02
-3.002141e-02
-3.219993e-02
-3.432912e-02
-3.640544e-02
-3.842541e-02
-4.038559e-02
-4.228262e-02
-4.411321e-02
-4.587415e-02
-4.756232e-02
-4.917469e-02
-5.070835e-02
-5.216049e-02
-5.352840e-02
-5.480953e-02
-5.600143e-02
-5.710181e-02
-5.810848e-02
-5.901946e-02
-5.983287e-02
-6.054701e-02
-6.116035e-02
-6.167151e-02
-6.207930e-02
-6.238271e-02
-6.258087e-02
-6.267315e-02
-6.265906e-02
-6.253833e-02
-6.231085e-02
-6.197673e-02
-6.153626e-02
-6.098993e-02
-6.033841e-02
-5.958258e-02
-5.872351e-02
-5.776246e-02
-5.670088e-02
-5.554042e-02
-5.428291e-02
-5.293036e-02
-5.148497e-02
-4.994912e-02
-4.832536e-02
-4.661642e-02
-4.482517e-02
-4.295466e-02
-4.100811e-02
-3.898886e-02
-3.690041e-02
-3.474638e-02
-3.253055e-02
-3.025679e-02
-2.792911e-02
-2.555161e-02
-2.312849e-02
-2.066406e-02
-1.816269e-02
-1.562883e-02
-1.306702e-02
-1.048181e-02
-7.877827e-03
-5.259737e-03
-2.632226e-03
-1.568190e-09
2.632226e-03
5.259737e-03
7.877827e-03
1.048181e-02
1.306702e-02
1.562883e-02
1.816269e-02
2.066406e-02
2.312849e-02
2.555161e-02
2.792911e-02
3.025679e-02
3.253055e-02
3.474638e-02
3.690041e-02
3.898886e-02
4.100811e-02
4.295466e-02
4.482517e-02
4.661642e-02
4.832536e-02
4.994912e-02
5.148497e-02
5.293036e-02
5.428291e-02
5.554042e-02
5.670088e-02
5.776246e-02
5.872351e-02
5.958258e-02
6.033841e-02
6.098993e-02
6.153626e-02
6.197673e-02
6.231085e-02
6.253833e-02
6.265906e-02
6.267315e-02
6.258087e-02
6.238271e-02
6.207930e-02
6.167151e-02
6.116035e-02
6.054701e-02
5.983287e-02
5.901946e-02
5.810848e-02
5.710181e-02
5.600143e-02
5.480953e-02
5.352840e-02
5.216049e-02
5.070835e-02
4.917469e-02
4.756232e-02
4.587415e-02
4.411321e-02
4.228262e-02
4.038559e-02
3.842541e-02
3.640544e-02
3.432912e-02
3.219993e-02
3.002141e-02
2.779716e-02
2.553080e-02
2.322597e-02
2.088636e-02
1.851565e-02
1.611754e-02
1.369572e-02
1.125388e-02
8.795697e-03
6.324821e-03
3.844876e-03
1.359456e-03
-1.127889e-03
-3.613656e-03
-6.094393e-03
-8.566707e-03
-1.102727e-02
-1.347282e-02
-1.590016e-02
-1.830620e-02
-2.068791e-02
-2.304235e-02
-2.536668e-02
-2.765813e-02
-2.991407e-02
-3.213194e-02
-3.430930e-02
-3.644380e-02
-3.853322e-02
-4.057544e-02
-4.256846e-02
-4.451038e-02
-4.639943e-02
-4.823395e-02
-5.001241e-02
-5.173337e-02
-5.339555e-02
-5.499775e-02
-5.653890e-02
-5.801805e-02
-5.943437e-02
-6.078713e-02
-6.207574e-02
-6.329969e-02
-6.445860e-02
-6.555221e-02
-6.658033e-02
-6.754291e-02
-6.843999e-02
-6.927171e-02
-7.003830e-02
-7.074009e-02
-7.137750e-02
-7.195105e-02
-7.246132e-02
-7.290900e-02
-7.329484e-02
-7.361966e-02
-7.388438e-02
-7.408996e-02
-7.423743e-02
-7.432789e-02
-7.436250e-02
-7.434245e-02
-7.426902e-02
-7.414349e-02
-7.396722e-02
-7.374159e-02
-7.346803e-02
-7.314798e-02
-7.278293e-02
-7.237438e-02
-7.192387e-02
-7.143295e-02
-7.090317e-02
-7.033611e-02
-6.973336e-02
-6.909650e-02
-6.842714e-02
-6.772685e-02
-6.699723e-02
-6.623987e-02
-6.545634e-02
-6.464821e-02
-6.381703e-02
-6.296434e-02
-6.209166e-02
-6.120049e-02
-6.029232e-02
-5.936859e-02
-5.843075e-02
-5.748020e-02
-5.651832e-02
-5.554645e-02
-5.456592e-02
-5.357801e-02
-5.258397e-02
-5.158503e-02
-5.058236e-02
-4.957713e-02
-4.857043e-02
-4.756336e-02
-4.655694e-02
-4.555219e-02
-4.455006e-02
-4.355147e-02
-4.255733e-02
-4.156848e-02
-4.058573e-02
-3.960985e-02
-3.864157e-02
-3.768161e-02
-3.673061e-02
-3.578920e-02
-3.485797e-02
-3.393747e-02
-3.302820e-02
-3.213067e-02
-3.124530e-02
-3.037251e-02
-2.951268e-02
-2.866616e-02
-2.783326e-02
-2.701427e-02
-2.620943e-02
-2.541899e-02
-2.464313e-02
-2.388202e-02
-2.313581e-02
-2.240462e-02
-2.168854e-02
-2.098764e-02
-2.030197e-02
-1.963155e-02
-1.897638e-02
-1.833646e-02
-1.771175e-02
-1.710219e-02
-1.650772e-02
-1.592824e-02
-1.536366e-02
-1.481387e-02
-1.427872e-02
-1.375808e-02
-1.325180e-02
-1.275970e-02
-1.228162e-02
-1.181736e-02
-1.136673e-02
-1.092953e-02
-1.050554e-02
-1.009455e-02
-9.696341e-03
-9.310676e-03
-8.937324e-03
-8.576048e-03
-8.226606e-03
-7.888754e-03
-7.562245e-03
-7.246830e-03
-6.942258e-03
-6.648279e-03
-6.364640e-03
-6.091088e-03
-5.827373e-03
-5.573243e-03
-5.328447e-03
-5.092736e-03
-4.865864e-03
-4.647585e-03
-4.437655e-03
-4.235834e-03
-4.041883e-03
-3.855569e-03
-3.676658e-03
-3.504922e-03
-3.340137e-03
-3.182080e-03
-3.030534e-03
-2.885286e-03
-2.746125e-03
-2.612846e-03
-2.485248e-03
-2.363133e-03
-2.246309e-03
-2.134588e-03
-2.027785e-03
-1.925721e-03
-1.828221e-03
-1.735114e-03
-1.646234e-03
-1.561421e-03
-1.480515e-03
-1.403366e-03
-1.329824e-03
-1.259746e-03
-1.192991e-03
-1.129425e-03
-1.068917e-03
-1.011338e-03
-9.565672e-04
-9.044847e-04
-8.549759e-04
-8.079297e-04
-7.632390e-04
-7.208004e-04
-6.805140e-04
-6.422838e-04
-6.060171e-04
-5.716247e-04
-5.390207e-04
-5.081225e-04
-4.788507e-04
-4.511290e-04
-4.248840e-04
-4.000453e-04
-3.765454e-04
-3.543196e-04
-3.333056e-04
-3.134439e-04
-2.946776e-04
-2.769520e-04
-2.602150e-04
-2.444165e-04
-2.295088e-04
-2.154462e-04
-2.021852e-04
-1.896841e-04
-1.779031e-04
-1.668044e-04
-1.563518e-04
-1.465109e-04
-1.372488e-04
-1.285343e-04
-1.203377e-04
-1.126306e-04
-1.053861e-04
-9.857857e-05
-9.218373e-05
-8.617843e-05
-8.054075e-05
-7.524984e-05
-7.028594e-05
-6.563030e-05
-6.126516e-05
-5.717367e-05
-5.333987e-05
-4.974866e-05
-4.638574e-05
-4.323757e-05
-4.029137e-05
-3.753503e-05
-3.495711e-05
-3.254681e-05
-3.029393e-05
-2.818884e-05
-2.622246e-05
-2.438620e-05
-2.267198e-05
-2.107219e-05
-1.957964e-05
-1.818757e-05
-1.688962e-05
-1.567979e-05
-1.455244e-05
-1.350226e-05
-1.252429e-05
-1.161381e-05
-1.076644e-05
-9.978047e-06
-9.244737e-06
-8.562872e-06
-7.929034e-06
-7.340020e-06
-6.792823e-06
-6.284628e-06
-5.812797e-06
-5.374860e-06
-4.968503e-06
-4.591563e-06
-4.242014e-06
-3.917964e-06
-3.617641e-06
-3.339392e-06
-3.081671e-06
-2.843035e-06
-2.622136e-06
-2.417716e-06
-2.228602e-06
-2.053701e-06
-1.891992e-06
-1.742524e-06
-1.604411e-06
-1.476829e-06
-1.359009e-06
-1.250237e-06
-1.149847e-06
-1.057220e-06
-9.717823e-07
-8.929979e-07
-8.203703e-07
-7.534380e-07
-6.917725e-07
-6.349760e-07
-5.826794e-07
-5.345402e-07
-4.902408e-07
-4.494870e-07
-4.120057e-07
-3.775444e-07
-3.458689e-07
-3.167624e-07
-2.900244e-07
-2.654693e-07
-2.429255e-07
-2.222341e-07
-2.032485e-07
-1.858331e-07
-1.698627e-07
-1.552215e-07
-1.418029e-07
-1.295084e-07
-1.182469e-07
-1.079347e-07
-9.849444e-08
-8.985493e-08
-8.195052e-08
-7.472073e-08
-6.810988e-08
-6.206673e-08
-5.654411e-08
-5.149862e-08
-4.689038e-08
-4.268269e-08
-3.884184e-08
-3.533684e-08
-3.213925e-08
-2.922294e-08
-2.656392e-08
-2.414018e-08
-2.193155e-08
-1.991949e-08
-1.808704e-08
-1.641864e-08
-1.490003e-08
-1.351816e-08
-1.226107e-08
-1.111783e-08
-1.007841e-08
-9.133661e-09
-8.275196e-09
-7.495358e-09
-6.787147e-09
-6.144165e-09
-5.560571e-09
-5.031028e-09
-4.550666e-09
-4.115041e-09
-3.720098e-09
-3.362139e-09
-3.037792e-09
-2.743983e-09
-2.477913e-09
-2.237030e-09
-2.019012e-09
-1.821743e-09
-1.643299e-09
-1.481930e-09
-1.336041e-09
-1.204186e-09
-1.085047e-09
-9.774290e-10
-8.802445e-10
-7.925068e-10
-7.133197e-10
-6.418700e-10
-5.774196e-10
-5.192992e-10
-4.669017e-10
-4.196769e-10
-3.771258e-10
-3.387968e-10
-3.042805e-10
-2.732063e-10
-2.452387e-10
-2.200742e-10
-1.974382e-10
-1.770822e-10
-1.587816e-10
-1.423335e-10
-1.275545e-10
-1.142788e-10
-1.023569e-10
-9.165364e-11
-8.204708e-11
-7.342724e-11
-6.569487e-11
-5.876049e-11
-5.254343e-11
-4.697099e-11
-4.197766e-11
-3.750445e-11
-3.349821e-11
-2.991113e-11
-2.670014e-11
-2.382652e-11
-2.125544e-11
-1.895555e-11
-1.689868e-11
-1.505953e-11
-1.341532e-11
-1.194560e-11
-1.063202e-11
-9.458061e-12
-8.408903e-12
-7.471231e-12
-6.633084e-12
-5.883714e-12
-5.213466e-12
-4.613654e-12
-4.076470e-12
-3.594881e-12
-3.162547e-12
-2.773747e-12
-2.423306e-12
-2.106534e-12
-1.819165e-12
-1.557305e-12
-1.317382e-12
-1.096102e-12
-8.904035e-13
-6.974207e-13
-5.144424e-13
-3.388770e-13
-1.680125e-13
0.000000e+00
