0.000000e+00
 1.000000e-12
2.018098e-12
3.066053e-12
4.161135e-12
5.319909e-12
6.559770e-12
7.899192e-12
9.357995e-12
1.095762e-11
1.272144e-11
1.467506e-11
1.684670e-11
1.926753e-11
2.197213e-11
2.499893e-11
2.839074e-11
3.219526e-11
3.646577e-11
4.126177e-11
4.664976e-11
5.270412e-11
5.950800e-11
6.715445e-11
7.574752e-11
8.540361e-11
9.625290e-11
1.084410e-10
1.221307e-10
1.375040e-10
1.547643e-10
1.741389e-10
1.958819e-10
2.202768e-10
2.476406e-10
2.783267e-10
3.127300e-10
3.512909e-10
3.945006e-10
4.429071e-10
4.971213e-10
5.578240e-10
6.257740e-10
7.018164e-10
7.868925e-10
8.820505e-10
9.884567e-10
1.107409e-09
1.240352e-09
1.388892e-09
1.554813e-09
1.740101e-09
1.946961e-09
2.177843e-09
2.435468e-09
2.722858e-09
3.043365e-09
3.400710e-09
3.799022e-09
4.242877e-09
4.737353e-09
5.288075e-09
5.901277e-09
6.583865e-09
7.343487e-09
8.188612e-09
9.128612e-09
1.017386e-08
1.133583e-08
1.262720e-08
1.406201e-08
1.565577e-08
1.742560e-08
1.939043e-08
2.157116e-08
2.399088e-08
2.667505e-08
2.965177e-08
3.295204e-08
3.661006e-08
4.066352e-08
4.515396e-08
5.012715e-08
5.563351e-08
6.172858e-08
6.847348e-08
7.593549e-08
8.418863e-08
9.331434e-08
1.034021e-07
1.145505e-07
1.268676e-07
1.404722e-07
1.554950e-07
1.720794e-07
1.903826e-07
2.105774e-07
2.328533e-07
2.574182e-07
2.845000e-07
3.143485e-07
3.472374e-07
3.834668e-07
4.233651e-07
4.672921e-07
5.156415e-07
5.688441e-07
6.273714e-07
6.917388e-07
7.625100e-07
8.403011e-07
9.257852e-07
1.019698e-06
1.122842e-06
1.236095e-06
1.360413e-06
1.496841e-06
1.646517e-06
1.810685e-06
1.990697e-06
2.188031e-06
2.404293e-06
2.641236e-06
2.900766e-06
3.184960e-06
3.496077e-06
3.836576e-06
4.209129e-06
4.616643e-06
5.062279e-06
5.549470e-06
6.081946e-06
6.663759e-06
7.299305e-06
7.993360e-06
8.751103e-06
9.578152e-06
1.048060e-05
1.146506e-05
1.253868e-05
1.370922e-05
1.498508e-05
1.637536e-05
1.788991e-05
1.953938e-05
2.133530e-05
2.329014e-05
2.541738e-05
2.773159e-05
3.024852e-05
3.298516e-05
3.595990e-05
3.919255e-05
4.270452e-05
4.651889e-05
5.066056e-05
5.515638e-05
6.003530e-05
6.532851e-05
7.106960e-05
7.729476e-05
8.404294e-05
9.135609e-05
9.927931e-05
1.078611e-04
1.171537e-04
1.272132e-04
1.380999e-04
1.498784e-04
1.626185e-04
1.763946e-04
1.912871e-04
2.073819e-04
2.247713e-04
2.435541e-04
2.638365e-04
2.857320e-04
3.093625e-04
3.348582e-04
3.623589e-04
3.920139e-04
4.239831e-04
4.584375e-04
4.955599e-04
5.355460e-04
5.786045e-04
6.249585e-04
6.748465e-04
7.285229e-04
7.862591e-04
8.483450e-04
9.150895e-04
9.868222e-04
1.063894e-03
1.146680e-03
1.235578e-03
1.331012e-03
1.433435e-03
1.543328e-03
1.661202e-03
1.787601e-03
1.923104e-03
2.068325e-03
2.223918e-03
2.390576e-03
2.569036e-03
2.760080e-03
2.964536e-03
3.183286e-03
3.417263e-03
3.667454e-03
3.934907e-03
4.220734e-03
4.526109e-03
4.852277e-03
5.200554e-03
5.572333e-03
5.969087e-03
6.392373e-03
6.843837e-03
7.325216e-03
7.838347e-03
8.385168e-03
8.967723e-03
9.588170e-03
1.024878e-02
1.095196e-02
1.170024e-02
1.249626e-02
1.334285e-02
1.424295e-02
1.519967e-02
1.621628e-02
1.729621e-02
1.844307e-02
1.966067e-02
2.095298e-02
2.232420e-02
2.377873e-02
2.532116e-02
2.695635e-02
2.868937e-02
3.052552e-02
3.247038e-02
3.452979e-02
3.670985e-02
3.901696e-02
4.145780e-02
4.403936e-02
4.676896e-02
4.965424e-02
5.270317e-02
5.592409e-02
5.932569e-02
6.291705e-02
6.670762e-02
7.070727e-02
7.492628e-02
7.937535e-02
8.406563e-02
8.900873e-02
9.421671e-02
9.970213e-02
1.054780e-01
1.115580e-01
1.179560e-01
1.246868e-01
1.317656e-01
1.392079e-01
1.470302e-01
1.552494e-01
1.638830e-01
1.729490e-01
1.824664e-01
1.924544e-01
2.029332e-01
2.139235e-01
2.254468e-01
2.375252e-01
2.501815e-01
2.634392e-01
2.773227e-01
2.918571e-01
3.070680e-01
3.229821e-01
3.396267e-01
3.570297e-01
3.752203e-01
3.942279e-01
4.140830e-01
4.348170e-01
4.564618e-01
4.790504e-01
5.026163e-01
5.271942e-01
5.528191e-01
5.795274e-01
6.073557e-01
6.363418e-01
6.665241e-01
6.979418e-01
7.306349e-01
7.646442e-01
8.000111e-01
8.367777e-01
8.749870e-01
9.146826e-01
9.559086e-01
9.987099e-01
1.043132e+00
1.089221e+00
1.137023e+00
1.186586e+00
1.237957e+00
1.291184e+00
1.346315e+00
1.403400e+00
1.462487e+00
1.523625e+00
1.586865e+00
1.652256e+00
1.719847e+00
1.789688e+00
1.861830e+00
1.936321e+00
2.013211e+00
2.092550e+00
2.174386e+00
2.258767e+00
2.345743e+00
2.435359e+00
2.527664e+00
2.622703e+00
2.720521e+00
2.821163e+00
2.924671e+00
3.031089e+00
3.140456e+00
3.252812e+00
3.368197e+00
3.486645e+00
3.608191e+00
3.732870e+00
3.860712e+00
3.991746e+00
4.125999e+00
4.263496e+00
4.404260e+00
4.548309e+00
4.695661e+00
4.846331e+00
5.000330e+00
5.157666e+00
5.318345e+00
5.482369e+00
5.649737e+00
5.820442e+00
5.994478e+00
6.171831e+00
6.352485e+00
6.536420e+00
6.723611e+00
6.914029e+00
7.107642e+00
7.304411e+00
7.504294e+00
7.707245e+00
7.913210e+00
8.122134e+00
8.333955e+00
8.548604e+00
8.766011e+00
8.986098e+00
9.208782e+00
9.433973e+00
9.661580e+00
9.891502e+00
1.012363e+01
1.035787e+01
1.059408e+01
1.083216e+01
1.107197e+01
1.131337e+01
1.155624e+01
1.180043e+01
1.204578e+01
1.229213e+01
1.253934e+01
1.278721e+01
1.303560e+01
1.328431e+01
1.353316e+01
1.378196e+01
1.403052e+01
1.427863e+01
1.452609e+01
1.477270e+01
1.501822e+01
1.526246e+01
1.550517e+01
1.574614e+01
1.598513e+01
1.622191e+01
1.645623e+01
1.668784e+01
1.691652e+01
1.714199e+01
1.736402e+01
1.758234e+01
1.779670e+01
1.800685e+01
1.821251e+01
1.841342e+01
1.860933e+01
1.879996e+01
1.898506e+01
1.916436e+01
1.933759e+01
1.950449e+01
1.966480e+01
1.981826e+01
1.996460e+01
2.010356e+01
2.023490e+01
2.035836e+01
2.047369e+01
2.058065e+01
2.067898e+01
2.076846e+01
2.084885e+01
2.091993e+01
2.098146e+01
2.103324e+01
2.107506e+01
2.110671e+01
2.112799e+01
2.113872e+01
2.113871e+01
2.112780e+01
2.110581e+01
2.107259e+01
2.102800e+01
2.097189e+01
2.090414e+01
2.082464e+01
2.073327e+01
2.062994e+01
2.051457e+01
2.038708e+01
2.024741e+01
2.009550e+01
1.993133e+01
1.975485e+01
1.956607e+01
1.936498e+01
1.915158e+01
1.892591e+01
1.868799e+01
1.843789e+01
1.817566e+01
1.790137e+01
1.761512e+01
1.731702e+01
1.700716e+01
1.668569e+01
1.635275e+01
1.600849e+01
1.565308e+01
1.528669e+01
1.490954e+01
1.452181e+01
1.412373e+01
1.371553e+01
1.329745e+01
1.286975e+01
1.243269e+01
1.198656e+01
1.153163e+01
1.106822e+01
1.059663e+01
1.011718e+01
9.630194e+00
9.136021e+00
8.635006e+00
8.127504e+00
7.613881e+00
7.094508e+00
6.569766e+00
6.040042e+00
5.505726e+00
4.967219e+00
4.424924e+00
3.879250e+00
3.330609e+00
2.779418e+00
2.226097e+00
1.671070e+00
1.114760e+00
5.575938e-01
-5.535525e-08
-5.575940e-01
0.000000e+00
 -1.000000e-12
-2.018120e-12
-3.066086e-12
-4.161180e-12
-5.319967e-12
-6.559841e-12
-7.899277e-12
-9.358095e-12
-1.095774e-11
-1.272158e-11
-1.467522e-11
-1.684688e-11
-1.926773e-11
-2.197236e-11
-2.499920e-11
-2.839104e-11
-3.219560e-11
-3.646615e-11
-4.126220e-11
-4.665025e-11
-5.270467e-11
-5.950862e-11
-6.715515e-11
-7.574831e-11
-8.540449e-11
-9.625390e-11
-1.084421e-10
-1.221319e-10
-1.375054e-10
-1.547659e-10
-1.741407e-10
-1.958839e-10
-2.202791e-10
-2.476431e-10
-2.783295e-10
-3.127332e-10
-3.512944e-10
-3.945046e-10
-4.429116e-10
-4.971263e-10
-5.578296e-10
-6.257802e-10
-7.018234e-10
-7.869004e-10
-8.820593e-10
-9.884665e-10
-1.107420e-09
-1.240365e-09
-1.388905e-09
-1.554828e-09
-1.740118e-09
-1.946980e-09
-2.177864e-09
-2.435492e-09
-2.722884e-09
-3.043394e-09
-3.400743e-09
-3.799058e-09
-4.242918e-09
-4.737399e-09
-5.288126e-09
-5.901333e-09
-6.583927e-09
-7.343557e-09
-8.188690e-09
-9.128699e-09
-1.017396e-08
-1.133593e-08
-1.262732e-08
-1.406215e-08
-1.565591e-08
-1.742576e-08
-1.939061e-08
-2.157137e-08
-2.399110e-08
-2.667529e-08
-2.965204e-08
-3.295235e-08
-3.661040e-08
-4.066389e-08
-4.515437e-08
-5.012760e-08
-5.563402e-08
-6.172914e-08
-6.847410e-08
-7.593617e-08
-8.418939e-08
-9.331518e-08
-1.034031e-07
-1.145515e-07
-1.268687e-07
-1.404735e-07
-1.554964e-07
-1.720809e-07
-1.903843e-07
-2.105793e-07
-2.328554e-07
-2.574205e-07
-2.845025e-07
-3.143512e-07
-3.472405e-07
-3.834701e-07
-4.233688e-07
-4.672962e-07
-5.156459e-07
-5.688490e-07
-6.273768e-07
-6.917447e-07
-7.625165e-07
-8.403082e-07
-9.257931e-07
-1.019706e-06
-1.122852e-06
-1.236105e-06
-1.360424e-06
-1.496853e-06
-1.646531e-06
-1.810700e-06
-1.990714e-06
-2.188049e-06
-2.404313e-06
-2.641258e-06
-2.900790e-06
-3.184986e-06
-3.496106e-06
-3.836607e-06
-4.209163e-06
-4.616681e-06
-5.062320e-06
-5.549515e-06
-6.081995e-06
-6.663812e-06
-7.299364e-06
-7.993424e-06
-8.751173e-06
-9.578229e-06
-1.048068e-05
-1.146515e-05
-1.253877e-05
-1.370932e-05
-1.498520e-05
-1.637549e-05
-1.789005e-05
-1.953953e-05
-2.133546e-05
-2.329032e-05
-2.541757e-05
-2.773180e-05
-3.024875e-05
-3.298542e-05
-3.596018e-05
-3.919285e-05
-4.270484e-05
-4.651924e-05
-5.066094e-05
-5.515680e-05
-6.003575e-05
-6.532899e-05
-7.107013e-05
-7.729533e-05
-8.404357e-05
-9.135677e-05
-9.928004e-05
-1.078619e-04
-1.171546e-04
-1.272141e-04
-1.381009e-04
-1.498795e-04
-1.626196e-04
-1.763959e-04
-1.912885e-04
-2.073834e-04
-2.247729e-04
-2.435559e-04
-2.638384e-04
-2.857341e-04
-3.093647e-04
-3.348606e-04
-3.623614e-04
-3.920166e-04
-4.239860e-04
-4.584406e-04
-4.955634e-04
-5.355497e-04
-5.786084e-04
-6.249628e-04
-6.748511e-04
-7.285278e-04
-7.862645e-04
-8.483508e-04
-9.150957e-04
-9.868288e-04
-1.063901e-03
-1.146687e-03
-1.235586e-03
-1.331021e-03
-1.433445e-03
-1.543338e-03
-1.661213e-03
-1.787613e-03
-1.923116e-03
-2.068338e-03
-2.223932e-03
-2.390591e-03
-2.569052e-03
-2.760097e-03
-2.964555e-03
-3.183307e-03
-3.417284e-03
-3.667477e-03
-3.934932e-03
-4.220761e-03
-4.526138e-03
-4.852307e-03
-5.200586e-03
-5.572367e-03
-5.969124e-03
-6.392412e-03
-6.843879e-03
-7.325261e-03
-7.838395e-03
-8.385219e-03
-8.967777e-03
-9.588227e-03
-1.024885e-02
-1.095203e-02
-1.170031e-02
-1.249634e-02
-1.334293e-02
-1.424304e-02
-1.519976e-02
-1.621637e-02
-1.729631e-02
-1.844318e-02
-1.966078e-02
-2.095310e-02
-2.232433e-02
-2.377886e-02
-2.532131e-02
-2.695651e-02
-2.868953e-02
-3.052569e-02
-3.247056e-02
-3.452998e-02
-3.671006e-02
-3.901718e-02
-4.145803e-02
-4.403961e-02
-4.676922e-02
-4.965451e-02
-5.270346e-02
-5.592439e-02
-5.932601e-02
-6.291738e-02
-6.670797e-02
-7.070764e-02
-7.492667e-02
-7.937577e-02
-8.406608e-02
-8.900920e-02
-9.421721e-02
-9.970265e-02
-1.054786e-01
-1.115586e-01
-1.179566e-01
-1.246875e-01
-1.317662e-01
-1.392086e-01
-1.470310e-01
-1.552502e-01
-1.638838e-01
-1.729499e-01
-1.824673e-01
-1.924554e-01
-2.029342e-01
-2.139246e-01
-2.254479e-01
-2.375263e-01
-2.501827e-01
-2.634405e-01
-2.773241e-01
-2.918585e-01
-3.070695e-01
-3.229836e-01
-3.396282e-01
-3.570314e-01
-3.752220e-01
-3.942297e-01
-4.140849e-01
-4.348190e-01
-4.564639e-01
-4.790525e-01
-5.026186e-01
-5.271965e-01
-5.528216e-01
-5.795300e-01
-6.073584e-01
-6.363446e-01
-6.665270e-01
-6.979449e-01
-7.306381e-01
-7.646475e-01
-8.000145e-01
-8.367813e-01
-8.749908e-01
-9.146865e-01
-9.559126e-01
-9.987141e-01
-1.043136e+00
-1.089225e+00
-1.137028e+00
-1.186591e+00
-1.237962e+00
-1.291189e+00
-1.346321e+00
-1.403406e+00
-1.462493e+00
-1.523632e+00
-1.586871e+00
-1.652262e+00
-1.719853e+00
-1.789695e+00
-1.861837e+00
-1.936328e+00
-2.013219e+00
-2.092558e+00
-2.174394e+00
-2.258776e+00
-2.345751e+00
-2.435368e+00
-2.527673e+00
-2.622713e+00
-2.720531e+00
-2.821173e+00
-2.924682e+00
-3.031099e+00
-3.140467e+00
-3.252824e+00
-3.368208e+00
-3.486657e+00
-3.608204e+00
-3.732883e+00
-3.860725e+00
-3.991760e+00
-4.126013e+00
-4.263511e+00
-4.404274e+00
-4.548324e+00
-4.695677e+00
-4.846347e+00
-5.000346e+00
-5.157683e+00
-5.318363e+00
-5.482387e+00
-5.649755e+00
-5.820461e+00
-5.994497e+00
-6.171850e+00
-6.352504e+00
-6.536440e+00
-6.723631e+00
-6.914050e+00
-7.107663e+00
-7.304433e+00
-7.504316e+00
-7.707267e+00
-7.913233e+00
-8.122158e+00
-8.333978e+00
-8.548629e+00
-8.766036e+00
-8.986123e+00
-9.208807e+00
-9.433999e+00
-9.661606e+00
-9.891529e+00
-1.012366e+01
-1.035789e+01
-1.059411e+01
-1.083218e+01
-1.107199e+01
-1.131340e+01
-1.155627e+01
-1.180046e+01
-1.204581e+01
-1.229216e+01
-1.253937e+01
-1.278725e+01
-1.303563e+01
-1.328434e+01
-1.353319e+01
-1.378199e+01
-1.403055e+01
-1.427866e+01
-1.452613e+01
-1.477273e+01
-1.501826e+01
-1.526249e+01
-1.550521e+01
-1.574618e+01
-1.598517e+01
-1.622194e+01
-1.645626e+01
-1.668788e+01
-1.691655e+01
-1.714203e+01
-1.736405e+01
-1.758238e+01
-1.779674e+01
-1.800688e+01
-1.821254e+01
-1.841346e+01
-1.860936e+01
-1.880000e+01
-1.898510e+01
-1.916439e+01
-1.933763e+01
-1.950453e+01
-1.966484e+01
-1.981829e+01
-1.996463e+01
-2.010360e+01
-2.023494e+01
-2.035840e+01
-2.047373e+01
-2.058068e+01
-2.067901e+01
-2.076849e+01
-2.084888e+01
-2.091996e+01
-2.098149e+01
-2.103328e+01
-2.107509e+01
-2.110674e+01
-2.112802e+01
-2.113875e+01
-2.113874e+01
-2.112782e+01
-2.110583e+01
-2.107262e+01
-2.102802e+01
-2.097192e+01
-2.090417e+01
-2.082466e+01
-2.073330e+01
-2.062997e+01
-2.051459e+01
-2.038710e+01
-2.024743e+01
-2.009552e+01
-1.993135e+01
-1.975487e+01
-1.956609e+01
-1.936500e+01
-1.915160e+01
-1.892593e+01
-1.868801e+01
-1.843791e+01
-1.817567e+01
-1.790139e+01
-1.761514e+01
-1.731703e+01
-1.700718e+01
-1.668571e+01
-1.635276e+01
-1.600850e+01
-1.565309e+01
-1.528671e+01
-1.490955e+01
-1.452182e+01
-1.412374e+01
-1.371553e+01
-1.329746e+01
-1.286976e+01
-1.243270e+01
-1.198656e+01
-1.153164e+01
-1.106823e+01
-1.059663e+01
-1.011718e+01
-9.630198e+00
-9.136025e+00
-8.635009e+00
-8.127507e+00
-7.613883e+00
-7.094510e+00
-6.569768e+00
-6.040043e+00
-5.505728e+00
-4.967220e+00
-4.424925e+00
-3.879250e+00
-3.330609e+00
-2.779418e+00
-2.226098e+00
-1.671070e+00
-1.114760e+00
-5.575939e-01
5.535525e-08
5.575940e-01
