0.000000e+00
 1.000000e-12
2.018699e-12
3.068256e-12
4.166550e-12
5.330758e-12
6.578954e-12
7.930379e-12
9.405727e-12
1.102745e-11
1.282006e-11
1.481054e-11
1.702864e-11
1.950736e-11
2.228340e-11
2.539765e-11
2.889575e-11
3.282875e-11
3.725374e-11
4.223470e-11
4.784330e-11
5.415985e-11
6.127444e-11
6.928805e-11
7.831391e-11
8.847899e-11
9.992566e-11
1.128135e-10
1.273214e-10
1.436497e-10
1.620231e-10
1.826932e-10
2.059417e-10
2.320841e-10
2.614735e-10
2.945050e-10
3.316209e-10
3.733157e-10
4.201423e-10
4.727191e-10
5.317371e-10
5.979682e-10
6.722749e-10
7.556205e-10
8.490800e-10
9.538537e-10
1.071281e-09
1.202855e-09
1.350243e-09
1.515301e-09
1.700102e-09
1.906950e-09
2.138418e-09
2.397367e-09
2.686985e-09
3.010819e-09
3.372818e-09
3.777374e-09
4.229371e-09
4.734241e-09
5.298022e-09
5.927424e-09
6.629901e-09
7.413733e-09
8.288111e-09
9.263243e-09
1.035045e-08
1.156231e-08
1.291274e-08
1.441721e-08
1.609284e-08
1.795862e-08
2.003560e-08
2.234706e-08
2.491880e-08
2.777940e-08
3.096045e-08
3.449694e-08
3.842755e-08
4.279506e-08
4.764677e-08
5.303493e-08
5.901731e-08
6.565770e-08
7.302653e-08
8.120159e-08
9.026871e-08
1.003226e-07
1.114677e-07
1.238193e-07
1.375043e-07
1.526627e-07
1.694488e-07
1.880325e-07
2.086009e-07
2.313600e-07
2.565365e-07
2.843799e-07
3.151646e-07
3.491924e-07
3.867951e-07
4.283374e-07
4.742199e-07
5.248829e-07
5.808097e-07
6.425311e-07
7.106295e-07
7.857442e-07
8.685762e-07
9.598944e-07
1.060542e-06
1.171443e-06
1.293609e-06
1.428150e-06
1.576281e-06
1.739330e-06
1.918754e-06
2.116145e-06
2.333245e-06
2.571960e-06
2.834371e-06
3.122757e-06
3.439603e-06
3.787629e-06
4.169801e-06
4.589358e-06
5.049838e-06
5.555099e-06
6.109349e-06
6.717179e-06
7.383592e-06
8.114043e-06
8.914474e-06
9.791359e-06
1.075175e-05
1.180331e-05
1.295441e-05
1.421413e-05
1.559235e-05
1.709983e-05
1.874825e-05
2.055032e-05
2.251983e-05
2.467179e-05
2.702246e-05
2.958952e-05
3.239216e-05
3.545118e-05
3.878914e-05
4.243054e-05
4.640190e-05
5.073198e-05
5.545193e-05
6.059549e-05
6.619921e-05
7.230263e-05
7.894856e-05
8.618331e-05
9.405695e-05
1.026237e-04
1.119420e-04
1.220751e-04
1.330915e-04
1.450648e-04
1.580748e-04
1.722076e-04
1.875558e-04
2.042197e-04
2.223073e-04
2.419349e-04
2.632280e-04
2.863219e-04
3.113621e-04
3.385056e-04
3.679211e-04
3.997905e-04
4.343091e-04
4.716875e-04
5.121516e-04
5.559446e-04
6.033278e-04
6.545818e-04
7.100083e-04
7.699308e-04
8.346969e-04
9.046794e-04
9.802784e-04
1.061923e-03
1.150073e-03
1.245221e-03
1.347897e-03
1.458665e-03
1.578131e-03
1.706945e-03
1.845801e-03
1.995442e-03
2.156661e-03
2.330310e-03
2.517296e-03
2.718590e-03
2.935229e-03
3.168320e-03
3.419045e-03
3.688668e-03
3.978534e-03
4.290080e-03
4.624838e-03
4.984442e-03
5.370631e-03
5.785261e-03
6.230306e-03
6.707870e-03
7.220191e-03
7.769652e-03
8.358788e-03
8.990293e-03
9.667033e-03
1.039205e-02
1.116859e-02
1.200008e-02
1.289018e-02
1.384275e-02
1.486191e-02
1.595202e-02
1.711771e-02
1.836388e-02
1.969572e-02
2.111875e-02
2.263880e-02
2.426205e-02
2.599503e-02
2.784467e-02
2.981827e-02
3.192360e-02
3.416882e-02
3.656259e-02
3.911404e-02
4.183283e-02
4.472915e-02
4.781376e-02
5.109801e-02
5.459386e-02
5.831396e-02
6.227160e-02
6.648082e-02
7.095639e-02
7.571388e-02
8.076967e-02
8.614100e-02
9.184602e-02
9.790381e-02
1.043344e-01
1.111590e-01
1.183996e-01
1.260796e-01
1.342234e-01
1.428566e-01
1.520062e-01
1.617004e-01
1.719689e-01
1.828426e-01
1.943540e-01
2.065374e-01
2.194283e-01
2.330641e-01
2.474839e-01
2.627286e-01
2.788409e-01
2.958657e-01
3.138495e-01
3.328412e-01
3.528918e-01
3.740545e-01
3.963848e-01
4.199407e-01
4.447825e-01
4.709733e-01
4.985787e-01
5.276670e-01
5.583095e-01
5.905802e-01
6.245563e-01
6.603180e-01
6.979486e-01
7.375350e-01
7.791671e-01
8.229385e-01
8.689464e-01
9.172917e-01
9.680788e-01
1.021416e+00
1.077417e+00
1.136196e+00
1.197876e+00
1.262581e+00
1.330441e+00
1.401588e+00
1.476163e+00
1.554308e+00
1.636170e+00
1.721903e+00
1.811665e+00
1.905618e+00
2.003930e+00
2.106775e+00
2.214331e+00
2.326782e+00
2.444318e+00
2.567134e+00
2.695431e+00
2.829416e+00
2.969300e+00
3.115302e+00
3.267647e+00
3.426565e+00
3.592291e+00
3.765069e+00
3.945147e+00
4.132780e+00
4.328228e+00
4.531759e+00
4.743647e+00
4.964170e+00
5.193616e+00
5.432276e+00
5.680449e+00
5.938438e+00
6.206556e+00
6.485119e+00
6.774450e+00
7.074878e+00
7.386738e+00
7.710370e+00
8.046122e+00
8.394345e+00
8.755396e+00
9.129640e+00
9.517443e+00
9.919180e+00
1.033523e+01
1.076597e+01
1.121179e+01
1.167309e+01
1.215026e+01
1.264369e+01
1.315379e+01
1.368098e+01
1.422564e+01
1.478821e+01
1.536909e+01
1.596869e+01
1.658745e+01
1.722576e+01
1.788407e+01
1.856277e+01
1.926231e+01
1.998309e+01
2.072553e+01
2.149005e+01
2.227708e+01
2.308701e+01
2.392027e+01
2.477726e+01
2.565838e+01
2.656403e+01
2.749462e+01
2.845051e+01
2.943211e+01
3.043978e+01
3.147389e+01
3.253480e+01
3.362286e+01
3.473842e+01
3.588180e+01
3.705333e+01
3.825331e+01
3.948205e+01
4.073983e+01
4.202691e+01
4.334356e+01
4.469002e+01
4.606651e+01
4.747324e+01
4.891041e+01
5.037818e+01
5.187672e+01
5.340617e+01
5.496663e+01
5.655820e+01
5.818096e+01
5.983497e+01
6.152024e+01
6.323679e+01
6.498459e+01
6.676361e+01
6.857378e+01
7.041499e+01
7.228714e+01
7.419006e+01
7.612359e+01
7.808752e+01
8.008161e+01
8.210560e+01
8.415920e+01
8.624208e+01
8.835389e+01
9.049424e+01
9.266272e+01
9.485887e+01
9.708222e+01
9.933224e+01
1.016084e+02
1.039101e+02
1.062368e+02
1.085877e+02
1.109623e+02
1.133597e+02
1.157793e+02
1.182203e+02
1.206819e+02
1.231632e+02
1.256633e+02
1.281814e+02
1.307164e+02
1.332675e+02
1.358335e+02
1.384136e+02
1.410065e+02
1.436113e+02
1.462267e+02
1.488517e+02
1.514849e+02
1.541253e+02
1.567716e+02
1.594225e+02
1.620768e+02
1.647330e+02
1.673900e+02
1.700462e+02
1.727004e+02
1.753511e+02
1.779969e+02
1.806364e+02
1.832681e+02
1.858906e+02
1.885023e+02
1.911018e+02
1.936875e+02
1.962580e+02
1.988117e+02
2.013471e+02
2.038626e+02
2.063567e+02
2.088278e+02
2.112745e+02
2.136951e+02
2.160881e+02
2.184520e+02
2.207852e+02
2.230862e+02
2.253535e+02
2.275855e+02
2.297809e+02
2.319380e+02
2.340555e+02
2.361318e+02
2.381656e+02
2.401554e+02
2.420998e+02
2.439976e+02
2.458472e+02
2.476475e+02
2.493971e+02
2.510947e+02
2.527392e+02
2.543294e+02
2.558640e+02
2.573421e+02
2.587624e+02
2.601239e+02
2.614257e+02
2.626668e+02
2.638462e+02
2.649630e+02
2.660165e+02
2.670058e+02
2.679301e+02
2.687889e+02
2.695814e+02
2.703070e+02
2.709651e+02
2.715554e+02
2.720773e+02
2.725304e+02
2.729144e+02
2.732290e+02
2.734739e+02
2.736490e+02
2.737541e+02
2.737891e+02
2.737541e+02
0.000000e+00
 1.000000e-12
2.018721e-12
3.068289e-12
4.166595e-12
5.330816e-12
6.579025e-12
7.930465e-12
9.405829e-12
1.102756e-11
1.282020e-11
1.481070e-11
1.702882e-11
1.950757e-11
2.228364e-11
2.539792e-11
2.889606e-11
3.282909e-11
3.725414e-11
4.223515e-11
4.784380e-11
5.416042e-11
6.127508e-11
6.928877e-11
7.831472e-11
8.847991e-11
9.992670e-11
1.128147e-10
1.273227e-10
1.436512e-10
1.620248e-10
1.826951e-10
2.059438e-10
2.320865e-10
2.614761e-10
2.945080e-10
3.316243e-10
3.733194e-10
4.201466e-10
4.727239e-10
5.317424e-10
5.979742e-10
6.722817e-10
7.556280e-10
8.490884e-10
9.538632e-10
1.071291e-09
1.202867e-09
1.350256e-09
1.515316e-09
1.700118e-09
1.906969e-09
2.138439e-09
2.397390e-09
2.687011e-09
3.010848e-09
3.372851e-09
3.777410e-09
4.229412e-09
4.734287e-09
5.298073e-09
5.927481e-09
6.629965e-09
7.413803e-09
8.288190e-09
9.263331e-09
1.035055e-08
1.156242e-08
1.291286e-08
1.441734e-08
1.609299e-08
1.795879e-08
2.003578e-08
2.234726e-08
2.491903e-08
2.777966e-08
3.096074e-08
3.449726e-08
3.842791e-08
4.279546e-08
4.764720e-08
5.303542e-08
5.901785e-08
6.565829e-08
7.302720e-08
8.120233e-08
9.026953e-08
1.003235e-07
1.114687e-07
1.238204e-07
1.375055e-07
1.526641e-07
1.694503e-07
1.880342e-07
2.086028e-07
2.313621e-07
2.565388e-07
2.843824e-07
3.151674e-07
3.491955e-07
3.867985e-07
4.283411e-07
4.742240e-07
5.248875e-07
5.808148e-07
6.425366e-07
7.106356e-07
7.857509e-07
8.685836e-07
9.599026e-07
1.060551e-06
1.171453e-06
1.293620e-06
1.428162e-06
1.576294e-06
1.739345e-06
1.918770e-06
2.116163e-06
2.333265e-06
2.571981e-06
2.834395e-06
3.122783e-06
3.439632e-06
3.787660e-06
4.169835e-06
4.589396e-06
5.049880e-06
5.555144e-06
6.109399e-06
6.717233e-06
7.383652e-06
8.114109e-06
8.914546e-06
9.791438e-06
1.075183e-05
1.180341e-05
1.295451e-05
1.421424e-05
1.559247e-05
1.709996e-05
1.874840e-05
2.055048e-05
2.252001e-05
2.467198e-05
2.702267e-05
2.958975e-05
3.239241e-05
3.545145e-05
3.878944e-05
4.243087e-05
4.640226e-05
5.073237e-05
5.545235e-05
6.059595e-05
6.619971e-05
7.230317e-05
7.894915e-05
8.618395e-05
9.405766e-05
1.026244e-04
1.119428e-04
1.220760e-04
1.330924e-04
1.450659e-04
1.580760e-04
1.722088e-04
1.875572e-04
2.042212e-04
2.223089e-04
2.419366e-04
2.632299e-04
2.863239e-04
3.113643e-04
3.385080e-04
3.679237e-04
3.997933e-04
4.343122e-04
4.716908e-04
5.121552e-04
5.559485e-04
6.033320e-04
6.545864e-04
7.100132e-04
7.699361e-04
8.347026e-04
9.046856e-04
9.802851e-04
1.061930e-03
1.150081e-03
1.245230e-03
1.347906e-03
1.458674e-03
1.578142e-03
1.706957e-03
1.845813e-03
1.995455e-03
2.156676e-03
2.330326e-03
2.517313e-03
2.718608e-03
2.935248e-03
3.168340e-03
3.419068e-03
3.688692e-03
3.978560e-03
4.290108e-03
4.624868e-03
4.984474e-03
5.370665e-03
5.785297e-03
6.230345e-03
6.707912e-03
7.220237e-03
7.769701e-03
8.358840e-03
8.990349e-03
9.667093e-03
1.039212e-02
1.116866e-02
1.200016e-02
1.289025e-02
1.384283e-02
1.486200e-02
1.595212e-02
1.711781e-02
1.836399e-02
1.969584e-02
2.111888e-02
2.263894e-02
2.426220e-02
2.599519e-02
2.784483e-02
2.981845e-02
3.192378e-02
3.416902e-02
3.656280e-02
3.911426e-02
4.183307e-02
4.472941e-02
4.781403e-02
5.109830e-02
5.459417e-02
5.831429e-02
6.227195e-02
6.648119e-02
7.095679e-02
7.571430e-02
8.077011e-02
8.614147e-02
9.184652e-02
9.790435e-02
1.043350e-01
1.111596e-01
1.184003e-01
1.260803e-01
1.342241e-01
1.428574e-01
1.520070e-01
1.617013e-01
1.719698e-01
1.828435e-01
1.943551e-01
2.065385e-01
2.194294e-01
2.330653e-01
2.474852e-01
2.627299e-01
2.788424e-01
2.958672e-01
3.138511e-01
3.328429e-01
3.528936e-01
3.740564e-01
3.963868e-01
4.199428e-01
4.447847e-01
4.709756e-01
4.985811e-01
5.276696e-01
5.583122e-01
5.905831e-01
6.245593e-01
6.603211e-01
6.979519e-01
7.375384e-01
7.791707e-01
8.229424e-01
8.689505e-01
9.172959e-01
9.680833e-01
1.021421e+00
1.077422e+00
1.136202e+00
1.197882e+00
1.262587e+00
1.330447e+00
1.401595e+00
1.476170e+00
1.554315e+00
1.636177e+00
1.721911e+00
1.811673e+00
1.905626e+00
2.003939e+00
2.106784e+00
2.214340e+00
2.326792e+00
2.444328e+00
2.567145e+00
2.695443e+00
2.829427e+00
2.969312e+00
3.115315e+00
3.267661e+00
3.426579e+00
3.592306e+00
3.765084e+00
3.945163e+00
4.132796e+00
4.328245e+00
4.531777e+00
4.743665e+00
4.964190e+00
5.193636e+00
5.432297e+00
5.680470e+00
5.938461e+00
6.206580e+00
6.485144e+00
6.774476e+00
7.074904e+00
7.386765e+00
7.710399e+00
8.046151e+00
8.394375e+00
8.755428e+00
9.129672e+00
9.517477e+00
9.919215e+00
1.033526e+01
1.076601e+01
1.121183e+01
1.167313e+01
1.215030e+01
1.264373e+01
1.315384e+01
1.368102e+01
1.422569e+01
1.478826e+01
1.536914e+01
1.596875e+01
1.658750e+01
1.722582e+01
1.788412e+01
1.856283e+01
1.926237e+01
1.998315e+01
2.072559e+01
2.149012e+01
2.227715e+01
2.308708e+01
2.392034e+01
2.477733e+01
2.565846e+01
2.656411e+01
2.749470e+01
2.845060e+01
2.943219e+01
3.043986e+01
3.147398e+01
3.253489e+01
3.362296e+01
3.473851e+01
3.588190e+01
3.705343e+01
3.825342e+01
3.948216e+01
4.073994e+01
4.202703e+01
4.334368e+01
4.469014e+01
4.606663e+01
4.747336e+01
4.891053e+01
5.037831e+01
5.187685e+01
5.340630e+01
5.496676e+01
5.655834e+01
5.818110e+01
5.983511e+01
6.152039e+01
6.323694e+01
6.498474e+01
6.676377e+01
6.857393e+01
7.041515e+01
7.228730e+01
7.419023e+01
7.612376e+01
7.808769e+01
8.008178e+01
8.210577e+01
8.415938e+01
8.624226e+01
8.835407e+01
9.049443e+01
9.266291e+01
9.485906e+01
9.708241e+01
9.933244e+01
1.016086e+02
1.039103e+02
1.062370e+02
1.085879e+02
1.109625e+02
1.133599e+02
1.157796e+02
1.182206e+02
1.206821e+02
1.231634e+02
1.256635e+02
1.281816e+02
1.307166e+02
1.332677e+02
1.358338e+02
1.384138e+02
1.410068e+02
1.436115e+02
1.462269e+02
1.488519e+02
1.514852e+02
1.541256e+02
1.567719e+02
1.594228e+02
1.620770e+02
1.647333e+02
1.673902e+02
1.700464e+02
1.727006e+02
1.753513e+02
1.779971e+02
1.806366e+02
1.832683e+02
1.858908e+02
1.885025e+02
1.911020e+02
1.936878e+02
1.962582e+02
1.988119e+02
2.013473e+02
2.038628e+02
2.063569e+02
2.088281e+02
2.112747e+02
2.136953e+02
2.160883e+02
2.184522e+02
2.207854e+02
2.230864e+02
2.253537e+02
2.275857e+02
2.297811e+02
2.319382e+02
2.340557e+02
2.361320e+02
2.381658e+02
2.401556e+02
2.421000e+02
2.439977e+02
2.458474e+02
2.476476e+02
2.493972e+02
2.510949e+02
2.527394e+02
2.543295e+02
2.558642e+02
2.573422e+02
2.587625e+02
2.601241e+02
2.614258e+02
2.626669e+02
2.638463e+02
2.649631e+02
2.660166e+02
2.670058e+02
2.679302e+02
2.687889e+02
2.695814e+02
2.703070e+02
2.709652e+02
2.715555e+02
2.720773e+02
2.725305e+02
2.729144e+02
2.732290e+02
2.734739e+02
2.736490e+02
2.737541e+02
2.737891e+02
2.737541e+02
