0.000000e+00
1.369698e-19
2.927497e-19
4.817632e-19
7.277701e-19
1.059193e-18
1.513646e-18
2.141909e-18
3.013198e-18
4.222217e-18
5.898663e-18
8.220055e-18
1.142905e-17
1.585680e-17
2.195434e-17
3.033489e-17
4.183041e-17
5.756740e-17
7.906817e-17
1.083857e-16
1.482831e-16
2.024720e-16
2.759279e-16
3.753076e-16
5.094999e-16
6.903500e-16
9.336129e-16
1.260202e-15
1.697827e-15
2.283124e-15
3.064450e-15
4.105499e-15
5.490012e-15
7.327877e-15
9.763018e-15
1.298358e-14
1.723507e-14
2.283722e-14
3.020567e-14
3.987973e-14
5.255788e-14
6.914310e-14
9.080059e-14
1.190312e-13
1.557644e-13
2.034767e-13
2.653405e-13
3.454125e-13
4.488708e-13
5.823137e-13
7.541334e-13
9.749855e-13
1.258375e-12
1.621390e-12
2.085612e-12
2.678250e-12
3.433553e-12
4.394551e-12
5.615218e-12
7.163136e-12
9.122783e-12
1.159958e-11
1.472485e-11
1.866193e-11
2.361361e-11
2.983123e-11
3.762583e-11
4.738166e-11
5.957260e-11
7.478218e-11
9.372769e-11
1.172894e-10
1.465460e-10
1.828169e-10
2.277134e-10
2.832004e-10
3.516698e-10
4.360287e-10
5.398048e-10
6.672720e-10
8.236004e-10
1.015034e-09
1.249100e-09
1.534865e-09
1.883223e-09
2.307250e-09
2.822617e-09
3.448071e-09
4.206010e-09
5.123147e-09
6.231299e-09
7.568300e-09
9.179069e-09
1.111686e-08
1.344472e-08
1.623716e-08
1.958211e-08
2.358321e-08
2.836239e-08
3.406292e-08
4.085287e-08
4.892914e-08
5.852204e-08
6.990057e-08
8.337846e-08
9.932109e-08
1.181534e-07
1.403687e-07
1.665391e-07
1.973270e-07
2.334984e-07
2.759374e-07
3.256635e-07
3.838501e-07
4.518465e-07
5.312013e-07
6.236900e-07
7.313447e-07
8.564887e-07
1.001774e-06
1.170222e-06
1.365275e-06
1.590844e-06
1.851367e-06
2.151878e-06
2.498072e-06
2.896388e-06
3.354096e-06
3.879387e-06
4.481486e-06
5.170761e-06
5.958851e-06
6.858804e-06
7.885229e-06
9.054457e-06
1.038472e-05
1.189635e-05
1.361197e-05
1.555676e-05
1.775866e-05
2.024864e-05
2.306103e-05
2.623375e-05
2.980871e-05
3.383211e-05
3.835484e-05
4.343285e-05
4.912760e-05
5.550651e-05
6.264341e-05
7.061906e-05
7.952166e-05
8.944743e-05
1.005012e-04
1.127969e-04
1.264585e-04
1.416202e-04
1.584276e-04
1.770381e-04
1.976218e-04
2.203620e-04
2.454565e-04
2.731177e-04
3.035740e-04
3.370703e-04
3.738689e-04
4.142502e-04
4.585140e-04
5.069797e-04
5.599876e-04
6.178995e-04
6.810993e-04
7.499943e-04
8.250153e-04
9.066179e-04
9.952826e-04
1.091516e-03
1.195850e-03
1.308844e-03
1.431084e-03
1.563185e-03
1.705787e-03
1.859559e-03
2.025199e-03
2.203429e-03
2.395001e-03
2.600694e-03
2.821311e-03
3.057682e-03
3.310660e-03
3.581125e-03
3.869974e-03
4.178130e-03
4.506530e-03
4.856132e-03
5.227907e-03
5.622840e-03
6.041925e-03
6.486163e-03
6.956562e-03
7.454129e-03
7.979868e-03
8.534780e-03
9.119855e-03
9.736068e-03
1.038438e-02
1.106572e-02
1.178100e-02
1.253109e-02
1.331684e-02
1.413904e-02
1.499843e-02
1.589572e-02
1.683153e-02
1.780645e-02
1.882097e-02
1.987551e-02
2.097043e-02
2.210598e-02
2.328233e-02
2.449953e-02
2.575756e-02
2.705626e-02
2.839538e-02
2.977453e-02
3.119321e-02
3.265079e-02
3.414649e-02
3.567941e-02
3.724852e-02
3.885262e-02
4.049038e-02
4.216033e-02
4.386082e-02
4.559008e-02
4.734617e-02
4.912701e-02
5.093036e-02
5.275383e-02
5.459488e-02
5.645083e-02
5.831884e-02
6.019594e-02
6.207903e-02
6.396487e-02
6.585009e-02
6.773121e-02
6.960462e-02
7.146661e-02
7.331339e-02
7.514105e-02
7.694563e-02
7.872306e-02
8.046924e-02
8.218001e-02
8.385117e-02
8.547848e-02
8.705771e-02
8.858461e-02
9.005493e-02
9.146445e-02
9.280899e-02
9.408442e-02
9.528664e-02
9.641166e-02
9.745555e-02
9.841451e-02
9.928483e-02
1.000629e-01
1.007454e-01
1.013288e-01
1.018102e-01
1.021866e-01
1.024552e-01
1.026134e-01
1.026589e-01
1.025895e-01
1.024033e-01
1.020987e-01
1.016741e-01
1.011284e-01
1.004606e-01
9.967007e-02
9.875638e-02
9.771936e-02
9.655914e-02
9.527610e-02
9.387091e-02
9.234449e-02
9.069807e-02
8.893311e-02
8.705136e-02
8.505483e-02
8.294579e-02
8.072676e-02
7.840052e-02
7.597007e-02
7.343868e-02
7.080980e-02
6.808714e-02
6.527458e-02
6.237621e-02
5.939633e-02
5.633937e-02
5.320995e-02
5.001283e-02
4.675290e-02
4.343519e-02
4.006483e-02
3.664703e-02
3.318711e-02
2.969043e-02
2.616242e-02
2.260854e-02
1.903428e-02
1.544513e-02
1.184659e-02
8.244132e-03
4.643191e-03
1.049165e-03
-2.532607e-03
-6.096862e-03
-9.638417e-03
-1.315219e-02
-1.663320e-02
-2.007659e-02
-2.347763e-02
-2.683174e-02
-3.013446e-02
-3.338152e-02
-3.656880e-02
-3.969236e-02
-4.274843e-02
-4.573343e-02
-4.864398e-02
-5.147690e-02
-5.422918e-02
-5.689806e-02
-5.948095e-02
-6.197550e-02
-6.437956e-02
-6.669117e-02
-6.890862e-02
-7.103039e-02
-7.305518e-02
-7.498190e-02
-7.680966e-02
-7.853778e-02
-8.016579e-02
-8.169342e-02
-8.312057e-02
-8.428199e-02
-8.534411e-02
-8.630761e-02
-8.717329e-02
-8.794212e-02
-8.861525e-02
-8.919395e-02
-8.967965e-02
-9.007388e-02
-9.037833e-02
-9.059480e-02
-9.072520e-02
-9.077154e-02
-9.073592e-02
-9.062054e-02
-9.042768e-02
-9.015969e-02
-8.981898e-02
-8.940802e-02
-8.892934e-02
-8.838551e-02
-8.777912e-02
-8.711281e-02
-8.638924e-02
-8.561107e-02
-8.478098e-02
-8.390166e-02
-8.297579e-02
-8.200603e-02
-8.099504e-02
-7.994547e-02
-7.885993e-02
-7.774099e-02
-7.659122e-02
-7.541312e-02
-7.420916e-02
-7.298177e-02
-7.173333e-02
-7.046615e-02
-6.918251e-02
-6.788463e-02
-6.657464e-02
-6.525464e-02
-6.392666e-02
-6.259264e-02
-6.125450e-02
-5.991404e-02
-5.857302e-02
-5.723312e-02
-5.589597e-02
-5.456310e-02
-5.323598e-02
-5.191602e-02
-5.060454e-02
-4.930281e-02
-4.801201e-02
-4.673327e-02
-4.546764e-02
-4.421610e-02
-4.297958e-02
-4.175892e-02
-4.055492e-02
-3.936830e-02
-3.819974e-02
-3.704985e-02
-3.591916e-02
-3.480818e-02
-3.371735e-02
-3.264705e-02
-3.159762e-02
-3.056935e-02
-2.956248e-02
-2.857720e-02
-2.761367e-02
-2.667199e-02
-2.575224e-02
-2.485446e-02
-2.397863e-02
-2.312472e-02
-2.229267e-02
-2.148237e-02
-2.069370e-02
-1.992651e-02
-1.918060e-02
-1.845579e-02
-1.775185e-02
-1.706852e-02
-1.640556e-02
-1.576267e-02
-1.513956e-02
-1.453593e-02
-1.395144e-02
-1.338577e-02
-1.283857e-02
-1.230948e-02
-1.179815e-02
-1.130420e-02
-1.082726e-02
-1.036696e-02
-9.922905e-03
-9.494716e-03
-9.082004e-03
-8.684382e-03
-8.301462e-03
-7.932855e-03
-7.578174e-03
-7.237036e-03
-6.909056e-03
-6.593856e-03
-6.291059e-03
-6.000292e-03
-5.721189e-03
-5.453386e-03
-5.196525e-03
-4.950253e-03
-4.714224e-03
-4.488096e-03
-4.271536e-03
-4.064216e-03
-3.865813e-03
-3.676015e-03
-3.494512e-03
-3.321005e-03
-3.155201e-03
-2.996813e-03
-2.845562e-03
-2.701177e-03
-2.563394e-03
-2.431956e-03
-2.306612e-03
-2.187121e-03
-2.073247e-03
-1.964762e-03
-1.861445e-03
-1.763082e-03
-1.669466e-03
-1.580396e-03
-1.495678e-03
-1.415125e-03
-1.338557e-03
-1.265800e-03
-1.196684e-03
-1.131047e-03
-1.068735e-03
-1.009596e-03
-9.534852e-04
-9.002641e-04
-8.497986e-04
-8.019601e-04
-7.566252e-04
-7.136754e-04
-6.729970e-04
-6.344808e-04
-5.980224e-04
-5.635216e-04
-5.308825e-04
-5.000132e-04
-4.708259e-04
-4.432366e-04
-4.171649e-04
-3.925341e-04
-3.692708e-04
-3.473050e-04
-3.265699e-04
-3.070018e-04
-2.885398e-04
-2.711260e-04
-2.547051e-04
-2.392246e-04
-2.246343e-04
-2.108866e-04
-1.979361e-04
-1.857397e-04
-1.742564e-04
-1.634471e-04
-1.532748e-04
-1.437044e-04
-1.347024e-04
-1.262371e-04
-1.182785e-04
-1.107981e-04
-1.037687e-04
-9.716488e-05
-9.096221e-05
-8.513772e-05
-7.966964e-05
-7.453735e-05
-6.972135e-05
-6.520319e-05
-6.096540e-05
-5.699151e-05
-5.326591e-05
-4.977388e-05
-4.650150e-05
-4.343565e-05
-4.056391e-05
-3.787460e-05
-3.535667e-05
-3.299972e-05
-3.079392e-05
-2.873003e-05
-2.679933e-05
-2.499361e-05
-2.330514e-05
-2.172662e-05
-2.025122e-05
-1.887249e-05
-1.758434e-05
-1.638109e-05
-1.525736e-05
-1.420811e-05
-1.322861e-05
-1.231440e-05
-1.146129e-05
-1.066538e-05
-9.922953e-06
-9.230568e-06
-8.584974e-06
-7.983127e-06
-7.422170e-06
-6.899426e-06
-6.412385e-06
-5.958695e-06
-5.536153e-06
-5.142693e-06
-4.776383e-06
-4.435414e-06
-4.118090e-06
-3.822828e-06
-3.548142e-06
-3.292646e-06
-3.055043e-06
-2.834119e-06
-2.628740e-06
-2.437847e-06
-2.260450e-06
-2.095623e-06
-1.942502e-06
-1.800282e-06
-1.668209e-06
-1.545580e-06
-1.431740e-06
-1.326077e-06
-1.228020e-06
-1.137037e-06
-1.052633e-06
-9.743437e-07
-9.017394e-07
-8.344180e-07
-7.720057e-07
-7.141538e-07
-6.605379e-07
-6.108560e-07
-5.648269e-07
-5.221888e-07
-4.826983e-07
-4.461288e-07
-4.122697e-07
-3.809250e-07
-3.519126e-07
-3.250630e-07
-3.002190e-07
-2.772343e-07
-2.559730e-07
-2.363089e-07
-2.181247e-07
-2.013117e-07
-1.857688e-07
-1.714022e-07
-1.581249e-07
-1.458560e-07
-1.345207e-07
-1.240495e-07
-1.143780e-07
-1.054462e-07
-9.719896e-08
-8.958480e-08
-8.255614e-08
-7.606890e-08
-7.008221e-08
-6.455824e-08
-5.946193e-08
-5.476083e-08
-5.042491e-08
-4.642634e-08
-4.273939e-08
-3.934024e-08
-3.620685e-08
-3.331883e-08
-3.065733e-08
-2.820492e-08
-2.594546e-08
-2.386405e-08
-2.194692e-08
-2.018134e-08
-1.855553e-08
-1.705863e-08
-1.568059e-08
-1.441214e-08
-1.324472e-08
-1.217042e-08
-1.118193e-08
-1.027251e-08
-9.435949e-09
-8.666503e-09
-7.958876e-09
-7.308183e-09
-6.709915e-09
-6.159917e-09
-5.654357e-09
-5.189700e-09
-4.762690e-09
-4.370322e-09
-4.009830e-09
-3.678665e-09
-3.374475e-09
-3.095098e-09
-2.838538e-09
-2.602961e-09
-2.386676e-09
-2.188125e-09
-2.005875e-09
-1.838608e-09
-1.685110e-09
-1.544262e-09
-1.415037e-09
-1.296489e-09
-1.187748e-09
-1.088014e-09
-9.965517e-10
-9.126834e-10
-8.357874e-10
-7.652917e-10
-7.006707e-10
-6.414413e-10
-5.871593e-10
-5.374170e-10
-4.918396e-10
-4.500826e-10
-4.118301e-10
-3.767914e-10
-3.447000e-10
-3.153111e-10
-2.883998e-10
-2.637598e-10
-2.412017e-10
-2.205518e-10
-2.016505e-10
-1.843516e-10
-1.685207e-10
-1.540348e-10
-1.407809e-10
-1.286555e-10
-1.175635e-10
-1.074178e-10
-9.813873e-11
-8.965299e-11
-8.189353e-11
-7.479887e-11
-6.831267e-11
-6.238333e-11
-5.696354e-11
-5.200999e-11
-4.748299e-11
-4.334621e-11
-3.956636e-11
-3.611296e-11
-3.295811e-11
-3.007627e-11
-2.744406e-11
-2.504006e-11
-2.284470e-11
-2.084004e-11
-1.900969e-11
-1.733863e-11
-1.581315e-11
-1.442068e-11
-1.314973e-11
-1.198981e-11
-1.093131e-11
-9.965436e-12
-9.084167e-12
-8.280160e-12
-7.546704e-12
-6.877665e-12
-6.267437e-12
-5.710898e-12
-5.203367e-12
-4.740567e-12
-4.318590e-12
-3.933868e-12
-3.583140e-12
-3.263430e-12
-2.972017e-12
-2.706419e-12
-2.464368e-12
-2.243795e-12
-2.042809e-12
-1.859687e-12
-1.692854e-12
-1.540872e-12
-1.402431e-12
-1.276334e-12
-1.161489e-12
-1.056901e-12
-9.616608e-13
-8.749393e-13
-7.959808e-13
-7.240959e-13
-6.586557e-13
-5.990871e-13
-5.448673e-13
-4.955196e-13
-4.506096e-13
-4.097413e-13
-3.725537e-13
-3.387177e-13
-3.079336e-13
-2.799280e-13
-2.544521e-13
-2.312790e-13
-2.102021e-13
-1.910331e-13
-1.736005e-13
-1.577482e-13
-1.433340e-13
-1.302282e-13
-1.183130e-13
-1.074810e-13
-9.763425e-14
-8.868388e-14
-8.054881e-14
-7.315528e-14
-6.643614e-14
-6.033030e-14
-5.478215e-14
-4.974109e-14
-4.516106e-14
-4.100019e-14
-3.722037e-14
-3.378691e-14
-3.066829e-14
-2.783582e-14
-2.526340e-14
-2.292732e-14
-2.080600e-14
-1.887981e-14
-1.713092e-14
-1.554310e-14
-1.410162e-14
-1.279306e-14
-1.160525e-14
-1.052711e-14
-9.548574e-15
-8.660493e-15
-7.854555e-15
-7.123207e-15
-6.459587e-15
-5.857457e-15
-5.311154e-15
-4.815531e-15
-4.365912e-15
-3.958052e-15
-3.588095e-15
-3.252537e-15
-2.948197e-15
-2.672188e-15
-2.421887e-15
-2.194911e-15
-1.989100e-15
-1.802490e-15
-1.633299e-15
-1.479910e-15
-1.340856e-15
-1.214803e-15
-1.100542e-15
-9.969754e-16
-9.031082e-16
-8.180363e-16
-7.409398e-16
-6.710747e-16
-6.077663e-16
-5.504022e-16
-4.984272e-16
-4.513374e-16
-4.086759e-16
-3.700284e-16
-3.350190e-16
-3.033069e-16
-2.745830e-16
-2.485672e-16
-2.250052e-16
-2.036668e-16
-1.843431e-16
-1.668447e-16
-1.510001e-16
-1.366537e-16
-1.236644e-16
-1.119045e-16
-1.012581e-16
-9.162035e-17
-8.289601e-17
-7.499894e-17
-6.785105e-17
-6.138157e-17
-5.552639e-17
-5.022745e-17
-4.543213e-17
-4.109277e-17
-3.716620e-17
-3.361332e-17
-3.039873e-17
-2.749034e-17
-2.485911e-17
-2.247874e-17
-2.032541e-17
-1.837755e-17
-1.661565e-17
-1.502201e-17
-1.358064e-17
-1.227705e-17
-1.109811e-17
-1.003196e-17
-9.067846e-18
-8.196044e-18
-7.407749e-18
-6.694994e-18
-6.050568e-18
-5.467945e-18
-4.941222e-18
-4.465055e-18
-4.034611e-18
-3.645515e-18
-3.293811e-18
-2.975918e-18
-2.688599e-18
-2.428923e-18
-2.194241e-18
-1.982156e-18
-1.790500e-18
-1.617312e-18
-1.460819e-18
-1.319418e-18
-1.191658e-18
-1.076227e-18
-9.719413e-19
-8.777272e-19
-7.926157e-19
-7.157304e-19
-6.462790e-19
-5.835451e-19
-5.268812e-19
-4.757020e-19
-4.294783e-19
-3.877320e-19
-3.500309e-19
-3.159841e-19
-2.852387e-19
-2.574756e-19
-2.324065e-19
-2.097708e-19
-1.893330e-19
-1.708804e-19
-1.542209e-19
-1.391806e-19
-1.256028e-19
-1.133456e-19
-1.022811e-19
-9.229350e-20
-8.327833e-20
-7.514120e-20
-6.779686e-20
-6.116830e-20
-5.518598e-20
-4.978707e-20
-4.491485e-20
-4.051810e-20
-3.655054e-20
-3.297041e-20
-2.973999e-20
-2.682521e-20
-2.419533e-20
-2.182257e-20
-1.968186e-20
-1.775059e-20
-1.600832e-20
-1.443659e-20
-1.301878e-20
-1.173983e-20
-1.058620e-20
-9.545637e-21
-8.607086e-21
-7.760576e-21
-6.997105e-21
-6.308548e-21
-5.687575e-21
-5.127569e-21
-4.622560e-21
-4.167160e-21
-3.756510e-21
-3.386222e-21
-3.052339e-21
-2.751291e-21
-2.479857e-21
-2.235129e-21
-2.014487e-21
-1.815565e-21
-1.636229e-21
-1.474556e-21
-1.328807e-21
-1.197418e-21
-1.078976e-21
-9.722068e-22
-8.759608e-22
-7.892016e-22
-7.109944e-22
-6.404958e-22
-5.769454e-22
-5.196570e-22
-4.680120e-22
-4.214523e-22
-3.794745e-22
-3.416244e-22
-3.074924e-22
-2.767088e-22
-2.489401e-22
-2.238852e-22
-2.012724e-22
-1.808563e-22
-1.624151e-22
-1.457487e-22
-1.306758e-22
-1.170327e-22
-1.046709e-22
-9.345583e-23
-8.326552e-23
-7.398898e-23
-6.552517e-23
-5.778188e-23
-5.067473e-23
-4.412629e-23
-3.806517e-23
-3.242534e-23
-2.714532e-23
-2.216761e-23
-1.743799e-23
-1.290498e-23
-8.519253e-24
-4.229296e-24
-0.000000e+00
