0.000000e+00
1.168650e-17
2.492713e-17
4.090988e-17
6.158339e-17
8.926102e-17
1.269828e-16
1.788257e-16
2.503111e-16
3.489466e-16
4.849505e-16
6.722244e-16
9.296555e-16
1.282862e-15
1.766527e-15
2.427510e-15
3.328998e-15
4.556021e-15
6.222759e-15
8.482232e-15
1.153909e-14
1.566646e-14
2.122814e-14
2.870772e-14
3.874667e-14
5.219428e-14
7.017260e-14
9.416120e-14
1.261071e-13
1.685676e-13
2.248945e-13
2.994727e-13
3.980271e-13
5.280179e-13
6.991471e-13
9.240080e-13
1.218915e-12
1.604964e-12
2.109378e-12
2.767224e-12
3.623581e-12
4.736296e-12
6.179454e-12
8.047761e-12
1.046205e-11
1.357622e-11
1.758588e-11
2.273924e-11
2.935062e-11
3.781736e-11
4.864085e-11
6.245252e-11
8.004622e-11
1.024181e-10
1.308160e-10
1.668000e-10
2.123173e-10
2.697938e-10
3.422463e-10
4.334196e-10
5.479544e-10
6.915908e-10
8.714168e-10
1.096169e-09
1.376596e-09
1.725902e-09
2.160274e-09
2.699529e-09
3.367875e-09
4.194843e-09
5.216389e-09
6.476218e-09
8.027364e-09
9.934069e-09
1.227402e-08
1.514100e-08
1.864803e-08
2.293109e-08
2.815351e-08
3.451112e-08
4.223833e-08
5.161528e-08
6.297616e-08
7.671900e-08
9.331709e-08
1.133322e-07
1.374301e-07
1.663985e-07
2.011676e-07
2.428347e-07
2.926910e-07
3.522547e-07
4.233066e-07
5.079333e-07
6.085748e-07
7.280802e-07
8.697708e-07
1.037512e-06
1.235794e-06
1.469826e-06
1.745643e-06
2.070220e-06
2.451608e-06
2.899090e-06
3.423342e-06
4.036631e-06
4.753026e-06
5.588634e-06
6.561871e-06
7.693752e-06
9.008225e-06
1.053253e-05
1.229762e-05
1.433857e-05
1.669510e-05
1.941210e-05
2.254024e-05
2.613657e-05
3.026529e-05
3.499846e-05
4.041688e-05
4.661097e-05
5.368178e-05
6.174199e-05
7.091714e-05
8.134676e-05
9.318575e-05
1.066057e-04
1.217966e-04
1.389680e-04
1.583511e-04
1.802003e-04
2.047952e-04
2.324424e-04
2.634775e-04
2.982676e-04
3.372128e-04
3.807493e-04
4.293511e-04
4.835325e-04
5.438508e-04
6.109085e-04
6.853559e-04
7.678932e-04
8.592736e-04
9.603050e-04
1.071853e-03
1.194842e-03
1.330258e-03
1.479152e-03
1.642638e-03
1.821899e-03
2.018184e-03
2.232813e-03
2.467174e-03
2.722724e-03
3.000993e-03
3.303576e-03
3.632137e-03
3.988407e-03
4.374178e-03
4.791305e-03
5.241698e-03
5.727317e-03
6.250173e-03
6.812313e-03
7.415821e-03
8.062802e-03
8.755382e-03
9.495691e-03
1.028585e-02
1.112798e-02
1.202415e-02
1.297641e-02
1.398673e-02
1.505701e-02
1.618908e-02
1.738464e-02
1.864527e-02
1.997241e-02
2.136732e-02
2.283110e-02
2.436460e-02
2.596849e-02
2.764315e-02
2.938871e-02
3.120499e-02
3.309151e-02
3.504743e-02
3.707157e-02
3.916235e-02
4.131782e-02
4.353559e-02
4.581283e-02
4.814628e-02
5.053221e-02
5.296640e-02
5.544415e-02
5.796027e-02
6.050908e-02
6.308438e-02
6.567948e-02
6.828721e-02
7.089987e-02
7.350933e-02
7.610697e-02
7.868372e-02
8.123011e-02
8.373625e-02
8.619190e-02
8.858648e-02
9.090912e-02
9.314868e-02
9.529383e-02
9.733307e-02
9.925480e-02
1.010474e-01
1.026991e-01
1.041985e-01
1.055341e-01
1.066946e-01
1.076691e-01
1.084470e-01
1.090180e-01
1.093725e-01
1.095014e-01
1.093960e-01
1.090485e-01
1.084520e-01
1.076003e-01
1.064879e-01
1.051108e-01
1.034655e-01
1.015499e-01
9.936293e-02
9.690479e-02
9.417684e-02
9.118173e-02
8.792341e-02
8.440715e-02
8.063953e-02
7.662850e-02
7.238334e-02
6.791465e-02
6.323435e-02
5.835566e-02
5.329302e-02
4.806213e-02
4.267980e-02
3.716398e-02
3.153364e-02
2.580871e-02
2.000997e-02
1.415903e-02
8.278141e-03
2.390168e-03
-3.481567e-03
-9.313383e-03
-1.508136e-02
-2.076147e-02
-2.632969e-02
-3.176215e-02
-3.703525e-02
-4.212580e-02
-4.701115e-02
-5.166932e-02
-5.607912e-02
-6.022031e-02
-6.407369e-02
-6.762121e-02
-7.084614e-02
-7.373312e-02
-7.626828e-02
-7.843936e-02
-8.023574e-02
-8.164858e-02
-8.267084e-02
-8.329736e-02
-8.352490e-02
-8.335216e-02
-8.277984e-02
-8.181063e-02
-8.044922e-02
-7.870226e-02
-7.657840e-02
-7.408818e-02
-7.124406e-02
-6.806030e-02
-6.455294e-02
-6.073967e-02
-5.663980e-02
-5.227412e-02
-4.766481e-02
-4.283532e-02
-3.781023e-02
-3.261514e-02
-2.727655e-02
-2.182166e-02
-1.627827e-02
-1.067462e-02
-5.039220e-03
5.992762e-04
6.212255e-03
1.177128e-02
1.724827e-02
2.261561e-02
2.784633e-02
3.291426e-02
3.779415e-02
4.246178e-02
4.689416e-02
5.106958e-02
5.496776e-02
5.856993e-02
6.185896e-02
6.481940e-02
6.743759e-02
6.970173e-02
7.160187e-02
7.313005e-02
7.428024e-02
7.504843e-02
7.543257e-02
7.543265e-02
7.505059e-02
7.429031e-02
7.315763e-02
7.166023e-02
6.980763e-02
6.761108e-02
6.508353e-02
6.223950e-02
5.909502e-02
5.566753e-02
5.197575e-02
4.803960e-02
4.388007e-02
3.951909e-02
3.497943e-02
3.028455e-02
2.545848e-02
2.052568e-02
1.551094e-02
1.043919e-02
5.335450e-03
2.246249e-04
-4.868575e-03
-9.919773e-03
-1.490504e-02
-1.980102e-02
-2.458502e-02
-2.733065e-02
-2.993727e-02
-3.239359e-02
-3.468919e-02
-3.681452e-02
-3.876097e-02
-4.052083e-02
-4.208741e-02
-4.345498e-02
-4.461882e-02
-4.557520e-02
-4.632142e-02
-4.685578e-02
-4.717758e-02
-4.728709e-02
-4.718557e-02
-4.687521e-02
-4.635911e-02
-4.564128e-02
-4.472656e-02
-4.362064e-02
-4.232993e-02
-4.086162e-02
-3.922356e-02
-3.742423e-02
-3.547272e-02
-3.337862e-02
-3.115202e-02
-2.880342e-02
-2.634369e-02
-2.378402e-02
-2.113585e-02
-1.841080e-02
-1.562067e-02
-1.277732e-02
-9.892665e-03
-6.978582e-03
-4.046893e-03
-1.109299e-03
1.822664e-03
4.737675e-03
7.624664e-03
1.047286e-02
1.327183e-02
1.601149e-02
1.868220e-02
2.127473e-02
2.378030e-02
2.619065e-02
2.849800e-02
3.069512e-02
3.277532e-02
3.473247e-02
3.656100e-02
3.825592e-02
3.981284e-02
4.122794e-02
4.249798e-02
4.362032e-02
4.459288e-02
4.541417e-02
4.608323e-02
4.659968e-02
4.696365e-02
4.717583e-02
4.723737e-02
4.714992e-02
4.691561e-02
4.653699e-02
4.601706e-02
4.535919e-02
4.456715e-02
4.364505e-02
4.259731e-02
4.142868e-02
4.014417e-02
3.874903e-02
3.724873e-02
3.564896e-02
3.395555e-02
3.217449e-02
3.031189e-02
2.837395e-02
2.636693e-02
2.429715e-02
2.217095e-02
1.999466e-02
1.777460e-02
1.551706e-02
1.322824e-02
1.091428e-02
8.581230e-03
6.235012e-03
3.881425e-03
1.526127e-03
-8.253823e-04
-3.167772e-03
-5.495888e-03
-7.804769e-03
-1.008965e-02
-1.234597e-02
-1.456939e-02
-1.675579e-02
-1.890125e-02
-2.100210e-02
-2.305491e-02
-2.505645e-02
-2.700376e-02
-2.889408e-02
-3.072490e-02
-3.249395e-02
-3.419917e-02
-3.583873e-02
-3.741105e-02
-3.891473e-02
-4.034861e-02
-4.171173e-02
-4.300335e-02
-4.422290e-02
-4.537002e-02
-4.644454e-02
-4.744645e-02
-4.837593e-02
-4.923331e-02
-5.001909e-02
-5.073389e-02
-5.137850e-02
-5.195383e-02
-5.246090e-02
-5.290088e-02
-5.327502e-02
-5.358468e-02
-5.383129e-02
-5.401641e-02
-5.414164e-02
-5.420865e-02
-5.421920e-02
-5.417506e-02
-5.407808e-02
-5.393015e-02
-5.373318e-02
-5.348911e-02
-5.319990e-02
-5.286753e-02
-5.249399e-02
-5.208127e-02
-5.163137e-02
-5.114625e-02
-5.062790e-02
-5.007827e-02
-4.949931e-02
-4.889292e-02
-4.826100e-02
-4.760540e-02
-4.692796e-02
-4.623045e-02
-4.551463e-02
-4.478221e-02
-4.403486e-02
-4.327420e-02
-4.250180e-02
-4.171920e-02
-4.092788e-02
-4.012926e-02
-3.932472e-02
-3.851559e-02
-3.770315e-02
-3.688861e-02
-3.607316e-02
-3.525791e-02
-3.444391e-02
-3.363220e-02
-3.282373e-02
-3.201941e-02
-3.122011e-02
-3.042664e-02
-2.963975e-02
-2.886017e-02
-2.808856e-02
-2.732554e-02
-2.657170e-02
-2.582755e-02
-2.509361e-02
-2.437030e-02
-2.365805e-02
-2.295721e-02
-2.226814e-02
-2.159111e-02
-2.092639e-02
-2.027422e-02
-1.963478e-02
-1.900824e-02
-1.839474e-02
-1.779439e-02
-1.720725e-02
-1.663340e-02
-1.607286e-02
-1.552565e-02
-1.499173e-02
-1.447110e-02
-1.396368e-02
-1.346941e-02
-1.298821e-02
-1.251996e-02
-1.206456e-02
-1.162187e-02
-1.119175e-02
-1.077404e-02
-1.036858e-02
-9.975195e-03
-9.593696e-03
-9.223893e-03
-8.865589e-03
-8.518578e-03
-8.182651e-03
-7.857592e-03
-7.543182e-03
-7.239198e-03
-6.945416e-03
-6.661607e-03
-6.387543e-03
-6.122992e-03
-5.867724e-03
-5.621508e-03
-5.384112e-03
-5.155306e-03
-4.934861e-03
-4.722549e-03
-4.518144e-03
-4.321420e-03
-4.132157e-03
-3.950135e-03
-3.775136e-03
-3.606948e-03
-3.445360e-03
-3.290164e-03
-3.141156e-03
-2.998137e-03
-2.860910e-03
-2.729283e-03
-2.603066e-03
-2.482076e-03
-2.366132e-03
-2.255057e-03
-2.148679e-03
-2.046830e-03
-1.949347e-03
-1.856069e-03
-1.766841e-03
-1.681513e-03
-1.599936e-03
-1.521969e-03
-1.447472e-03
-1.376311e-03
-1.308355e-03
-1.243478e-03
-1.181556e-03
-1.122471e-03
-1.066109e-03
-1.012357e-03
-9.611082e-04
-9.122591e-04
-8.657090e-04
-8.213610e-04
-7.791216e-04
-7.389006e-04
-7.006112e-04
-6.641695e-04
-6.294949e-04
-5.965096e-04
-5.651390e-04
-5.353110e-04
-5.069566e-04
-4.800093e-04
-4.544052e-04
-4.300829e-04
-4.069837e-04
-3.850510e-04
-3.642306e-04
-3.444705e-04
-3.257209e-04
-3.079340e-04
-2.910642e-04
-2.750675e-04
-2.599022e-04
-2.455279e-04
-2.319065e-04
-2.190012e-04
-2.067769e-04
-1.952000e-04
-1.842386e-04
-1.738621e-04
-1.640412e-04
-1.547481e-04
-1.459561e-04
-1.376400e-04
-1.297755e-04
-1.223395e-04
-1.153101e-04
-1.086663e-04
-1.023882e-04
-9.645679e-05
-9.085398e-05
-8.556257e-05
-8.056619e-05
-7.584926e-05
-7.139697e-05
-6.719526e-05
-6.323073e-05
-5.949069e-05
-5.596305e-05
-5.263634e-05
-4.949967e-05
-4.654272e-05
-4.375567e-05
-4.112921e-05
-3.865453e-05
-3.632325e-05
-3.412743e-05
-3.205956e-05
-3.011251e-05
-2.827953e-05
-2.655421e-05
-2.493051e-05
-2.340270e-05
-2.196533e-05
-2.061328e-05
-1.934169e-05
-1.814597e-05
-1.702176e-05
-1.596495e-05
-1.497166e-05
-1.403822e-05
-1.316116e-05
-1.233720e-05
-1.156324e-05
-1.083636e-05
-1.015381e-05
-9.512962e-06
-8.911372e-06
-8.346716e-06
-7.816806e-06
-7.319575e-06
-6.853077e-06
-6.415475e-06
-6.005040e-06
-5.620140e-06
-5.259237e-06
-4.920884e-06
-4.603716e-06
-4.306448e-06
-4.027871e-06
-3.766846e-06
-3.522300e-06
-3.293225e-06
-3.078670e-06
-2.877743e-06
-2.689603e-06
-2.513461e-06
-2.348572e-06
-2.194239e-06
-2.049804e-06
-1.914651e-06
-1.788199e-06
-1.669904e-06
-1.559253e-06
-1.455766e-06
-1.358991e-06
-1.268504e-06
-1.183908e-06
-1.104829e-06
-1.030916e-06
-9.618397e-07
-8.972922e-07
-8.369837e-07
-7.806426e-07
-7.280144e-07
-6.788602e-07
-6.329562e-07
-5.900926e-07
-5.500726e-07
-5.127121e-07
-4.778384e-07
-4.452896e-07
-4.149144e-07
-3.865709e-07
-3.601261e-07
-3.354556e-07
-3.124431e-07
-2.909794e-07
-2.709627e-07
-2.522973e-07
-2.348941e-07
-2.186694e-07
-2.035450e-07
-1.894480e-07
-1.763099e-07
-1.640668e-07
-1.526589e-07
-1.420305e-07
-1.321292e-07
-1.229064e-07
-1.143164e-07
-1.063166e-07
-9.886729e-08
-9.193127e-08
-8.547382e-08
-7.946255e-08
-7.386719e-08
-6.865949e-08
-6.381307e-08
-5.930333e-08
-5.510728e-08
-5.120349e-08
-4.757197e-08
-4.419405e-08
-4.105232e-08
-3.813056e-08
-3.541362e-08
-3.288739e-08
-3.053870e-08
-2.835528e-08
-2.632569e-08
-2.443928e-08
-2.268610e-08
-2.105689e-08
-1.954303e-08
-1.813647e-08
-1.682974e-08
-1.561586e-08
-1.448833e-08
-1.344110e-08
-1.246854e-08
-1.156540e-08
-1.072681e-08
-9.948225e-09
-9.225405e-09
-8.554418e-09
-7.931601e-09
-7.353546e-09
-6.817082e-09
-6.319257e-09
-5.857330e-09
-5.428746e-09
-5.031133e-09
-4.662282e-09
-4.320143e-09
-4.002806e-09
-3.708498e-09
-3.435569e-09
-3.182488e-09
-2.947830e-09
-2.730271e-09
-2.528582e-09
-2.341619e-09
-2.168322e-09
-2.007703e-09
-1.858848e-09
-1.720904e-09
-1.593083e-09
-1.474651e-09
-1.364926e-09
-1.263276e-09
-1.169113e-09
-1.081894e-09
-1.001112e-09
-9.262970e-10
-8.570141e-10
-7.928588e-10
-7.334560e-10
-6.784576e-10
-6.275408e-10
-5.804061e-10
-5.367757e-10
-4.963921e-10
-4.590161e-10
-4.244264e-10
-3.924174e-10
-3.627987e-10
-3.353938e-10
-3.100388e-10
-2.865822e-10
-2.648833e-10
-2.448116e-10
-2.262466e-10
-2.090762e-10
-1.931968e-10
-1.785122e-10
-1.649335e-10
-1.523783e-10
-1.407701e-10
-1.300382e-10
-1.201172e-10
-1.109463e-10
-1.024695e-10
-9.463459e-11
-8.739353e-11
-8.070171e-11
-7.451788e-11
-6.880383e-11
-6.352420e-11
-5.864628e-11
-5.413977e-11
-4.997666e-11
-4.613102e-11
-4.257886e-11
-3.929797e-11
-3.626784e-11
-3.346945e-11
-3.088525e-11
-2.849899e-11
-2.629563e-11
-2.426127e-11
-2.238307e-11
-2.064914e-11
-1.904848e-11
-1.757096e-11
-1.620716e-11
-1.494841e-11
-1.378668e-11
-1.271456e-11
-1.172520e-11
-1.081224e-11
-9.969852e-12
-9.192612e-12
-8.475524e-12
-7.813969e-12
-7.203680e-12
-6.640716e-12
-6.121435e-12
-5.642473e-12
-5.200724e-12
-4.793319e-12
-4.417607e-12
-4.071141e-12
-3.751662e-12
-3.457084e-12
-3.185479e-12
-2.935069e-12
-2.704212e-12
-2.491393e-12
-2.295212e-12
-2.114378e-12
-1.947698e-12
-1.794072e-12
-1.652486e-12
-1.522002e-12
-1.401756e-12
-1.290950e-12
-1.188848e-12
-1.094770e-12
-1.008091e-12
-9.282324e-13
-8.546611e-13
-7.868854e-13
-7.244518e-13
-6.669420e-13
-6.139701e-13
-5.651805e-13
-5.202449e-13
-4.788610e-13
-4.407497e-13
-4.056540e-13
-3.733366e-13
-3.435791e-13
-3.161799e-13
-2.909532e-13
-2.677278e-13
-2.463460e-13
-2.266623e-13
-2.085426e-13
-1.918634e-13
-1.765109e-13
-1.623801e-13
-1.493744e-13
-1.374048e-13
-1.263892e-13
-1.162519e-13
-1.069234e-13
-9.833948e-14
-9.044105e-14
-8.317367e-14
-7.648722e-14
-7.033550e-14
-6.467599e-14
-5.946952e-14
-5.468002e-14
-5.027427e-14
-4.622170e-14
-4.249413e-14
-3.906564e-14
-3.591235e-14
-3.301229e-14
-3.034523e-14
-2.789253e-14
-2.563705e-14
-2.356301e-14
-2.165588e-14
-1.990230e-14
-1.828995e-14
-1.680750e-14
-1.544454e-14
-1.419148e-14
-1.303948e-14
-1.198042e-14
-1.100683e-14
-1.011184e-14
-9.289107e-15
-8.532816e-15
-7.837609e-15
-7.198557e-15
-6.611126e-15
-6.071142e-15
-5.574768e-15
-5.118472e-15
-4.699004e-15
-4.313375e-15
-3.958833e-15
-3.632848e-15
-3.333090e-15
-3.057415e-15
-2.803850e-15
-2.570579e-15
-2.355929e-15
-2.158359e-15
-1.976452e-15
-1.808900e-15
-1.654498e-15
-1.512135e-15
-1.380784e-15
-1.259500e-15
-1.147408e-15
-1.043698e-15
-9.476211e-16
-8.584836e-16
-7.756406e-16
-6.984926e-16
-6.264813e-16
-5.590850e-16
-4.958156e-16
-4.362144e-16
-3.798495e-16
-3.263119e-16
-2.752135e-16
-2.261837e-16
-1.788668e-16
-1.329197e-16
-8.800906e-17
-4.378290e-17
-0.000000e+00
