0.000000e+00
1.616740e-18
3.451836e-18
5.672448e-18
8.553326e-18
1.242184e-17
1.770964e-17
2.499749e-17
3.507430e-17
4.901604e-17
6.829150e-17
9.490475e-17
1.315866e-16
1.820517e-16
2.513441e-16
3.462990e-16
4.761604e-16
6.534047e-16
8.948367e-16
1.223046e-15
1.668335e-15
2.271272e-15
3.086060e-15
4.184974e-15
5.664191e-15
7.651444e-15
1.031604e-14
1.388194e-14
1.864482e-14
2.499432e-14
3.344279e-14
4.466276e-14
5.953521e-14
7.921199e-14
1.051962e-13
1.394457e-13
1.845055e-13
2.436777e-13
3.212391e-13
4.227175e-13
5.552451e-13
7.280065e-13
9.528075e-13
1.244795e-12
1.623365e-12
2.113314e-12
2.746277e-12
3.562546e-12
4.613341e-12
5.963661e-12
7.695834e-12
9.913959e-12
1.274942e-11
1.636773e-11
2.097706e-11
2.683874e-11
3.428023e-11
4.371122e-11
5.564325e-11
7.071403e-11
8.971711e-11
1.136383e-10
1.436999e-10
1.814153e-10
2.286546e-10
2.877250e-10
3.614679e-10
4.533767e-10
5.677394e-10
7.098100e-10
8.860155e-10
1.104204e-09
1.373945e-09
1.706885e-09
2.117173e-09
2.621977e-09
3.242085e-09
4.002633e-09
4.933963e-09
6.072636e-09
7.462645e-09
9.156829e-09
1.121855e-08
1.372369e-08
1.676292e-08
2.044448e-08
2.489732e-08
3.027484e-08
3.675923e-08
4.456655e-08
5.395256e-08
6.521961e-08
7.872451e-08
9.488769e-08
1.142038e-07
1.372537e-07
1.647189e-07
1.973971e-07
2.362212e-07
2.822798e-07
3.368419e-07
4.013841e-07
4.776222e-07
5.675463e-07
6.734619e-07
7.980351e-07
9.443447e-07
1.115940e-06
1.316908e-06
1.551945e-06
1.826443e-06
2.146578e-06
2.519419e-06
2.953042e-06
3.456657e-06
4.040757e-06
4.717273e-06
5.499756e-06
6.403567e-06
7.446098e-06
8.647010e-06
1.002849e-05
1.161555e-05
1.343633e-05
1.552244e-05
1.790935e-05
2.063680e-05
2.374923e-05
2.729626e-05
3.133323e-05
3.592177e-05
4.113036e-05
4.703503e-05
5.372006e-05
6.127868e-05
6.981392e-05
7.943946e-05
9.028047e-05
1.024747e-04
1.161732e-04
1.315419e-04
1.487622e-04
1.680325e-04
1.895691e-04
2.136078e-04
2.404051e-04
2.702395e-04
3.034131e-04
3.402526e-04
3.811115e-04
4.263708e-04
4.764412e-04
5.317640e-04
5.928133e-04
6.600970e-04
7.341583e-04
8.155775e-04
9.049733e-04
1.003004e-03
1.110368e-03
1.227807e-03
1.356106e-03
1.496093e-03
1.648641e-03
1.814669e-03
1.995142e-03
2.191070e-03
2.403509e-03
2.633563e-03
2.882377e-03
3.151145e-03
3.441098e-03
3.753514e-03
4.089707e-03
4.451029e-03
4.838864e-03
5.254629e-03
5.699767e-03
6.175744e-03
6.684044e-03
7.226164e-03
7.803607e-03
8.417878e-03
9.070474e-03
9.762880e-03
1.049656e-02
1.127295e-02
1.209343e-02
1.295937e-02
1.387204e-02
1.483266e-02
1.584238e-02
1.690224e-02
1.801318e-02
1.917605e-02
2.039155e-02
2.166025e-02
2.298256e-02
2.435873e-02
2.578884e-02
2.727278e-02
2.881024e-02
3.040069e-02
3.204337e-02
3.373731e-02
3.548126e-02
3.727373e-02
3.911297e-02
4.099694e-02
4.292332e-02
4.488951e-02
4.689260e-02
4.892940e-02
5.099638e-02
5.308975e-02
5.520538e-02
5.733886e-02
5.948546e-02
6.164016e-02
6.379765e-02
6.595235e-02
6.809840e-02
7.022966e-02
7.233977e-02
7.442213e-02
7.646992e-02
7.847615e-02
8.043363e-02
8.233503e-02
8.417291e-02
8.593971e-02
8.762783e-02
8.922960e-02
9.073736e-02
9.214348e-02
9.344038e-02
9.462057e-02
9.567670e-02
9.660158e-02
9.738822e-02
9.802988e-02
9.852009e-02
9.885270e-02
9.902190e-02
9.902229e-02
9.884886e-02
9.849711e-02
9.796298e-02
9.724296e-02
9.633411e-02
9.523406e-02
9.394104e-02
9.245393e-02
9.077228e-02
8.889631e-02
8.682692e-02
8.456575e-02
8.211514e-02
7.947816e-02
7.665864e-02
7.366110e-02
7.049084e-02
6.715385e-02
6.365686e-02
6.000728e-02
5.621325e-02
5.228353e-02
4.822756e-02
4.405537e-02
3.977759e-02
3.540541e-02
3.095051e-02
2.642507e-02
2.184170e-02
1.721337e-02
1.255342e-02
7.875463e-03
3.193362e-03
-1.478847e-03
-6.126998e-03
-1.073685e-02
-1.529415e-02
-1.978470e-02
-2.419437e-02
-2.850923e-02
-3.271554e-02
-3.679985e-02
-4.074904e-02
-4.455038e-02
-4.819157e-02
-5.166082e-02
-5.494688e-02
-5.803910e-02
-6.092744e-02
-6.360258e-02
-6.605591e-02
-6.827957e-02
-7.026651e-02
-7.201048e-02
-7.350611e-02
-7.474887e-02
-7.573516e-02
-7.646225e-02
-7.692836e-02
-7.713262e-02
-7.707507e-02
-7.675672e-02
-7.617947e-02
-7.534614e-02
-7.426045e-02
-7.292700e-02
-7.135127e-02
-6.953954e-02
-6.749895e-02
-6.523736e-02
-6.276343e-02
-6.008649e-02
-5.721656e-02
-5.416426e-02
-5.094081e-02
-4.755796e-02
-4.402793e-02
-4.036340e-02
-3.657740e-02
-3.268332e-02
-2.869479e-02
-2.462571e-02
-2.049010e-02
-1.630212e-02
-1.207599e-02
-7.825921e-03
-3.566079e-03
6.894628e-04
4.926787e-03
9.132177e-03
1.329216e-02
1.739358e-02
2.142358e-02
2.536972e-02
2.921997e-02
3.296277e-02
3.658703e-02
4.008220e-02
4.343831e-02
4.664593e-02
4.969628e-02
5.258119e-02
5.529314e-02
5.782528e-02
6.017142e-02
6.232607e-02
6.376238e-02
6.500175e-02
6.604233e-02
6.688288e-02
6.752284e-02
6.796227e-02
6.820187e-02
6.824293e-02
6.808736e-02
6.773761e-02
6.719671e-02
6.646820e-02
6.555615e-02
6.446508e-02
6.319999e-02
6.176630e-02
6.016981e-02
5.841673e-02
5.651358e-02
5.446719e-02
5.228469e-02
4.997344e-02
4.754103e-02
4.499524e-02
4.234399e-02
3.959537e-02
3.675752e-02
3.383868e-02
3.084713e-02
2.779115e-02
2.467902e-02
2.151898e-02
1.831921e-02
1.508779e-02
1.183269e-02
8.561773e-03
5.282718e-03
2.003048e-03
-1.269905e-03
-4.529016e-03
-7.767384e-03
-1.097834e-02
-1.415548e-02
-1.729263e-02
-2.038392e-02
-2.342373e-02
-2.640676e-02
-2.932798e-02
-3.218266e-02
-3.496639e-02
-3.767506e-02
-4.030484e-02
-4.285226e-02
-4.531412e-02
-4.768753e-02
-4.996992e-02
-5.215901e-02
-5.425282e-02
-5.624966e-02
-5.814813e-02
-5.994710e-02
-6.164572e-02
-6.324341e-02
-6.473983e-02
-6.613490e-02
-6.742878e-02
-6.862186e-02
-6.971474e-02
-7.070823e-02
-7.160335e-02
-7.240130e-02
-7.310345e-02
-7.371137e-02
-7.422673e-02
-7.465141e-02
-7.498736e-02
-7.523671e-02
-7.540166e-02
-7.548455e-02
-7.548777e-02
-7.541383e-02
-7.526530e-02
-7.504480e-02
-7.475501e-02
-7.439866e-02
-7.397851e-02
-7.349735e-02
-7.295798e-02
-7.236322e-02
-7.171588e-02
-7.101878e-02
-7.027471e-02
-6.948647e-02
-6.865680e-02
-6.778845e-02
-6.688410e-02
-6.594641e-02
-6.497798e-02
-6.398138e-02
-6.295911e-02
-6.191363e-02
-6.084733e-02
-5.976252e-02
-5.866149e-02
-5.754641e-02
-5.641941e-02
-5.528256e-02
-5.413782e-02
-5.298712e-02
-5.183227e-02
-5.067505e-02
-4.951712e-02
-4.836010e-02
-4.720553e-02
-4.605484e-02
-4.490944e-02
-4.377061e-02
-4.263961e-02
-4.151758e-02
-4.040561e-02
-3.930473e-02
-3.821590e-02
-3.713998e-02
-3.607780e-02
-3.503011e-02
-3.399761e-02
-3.298092e-02
-3.198063e-02
-3.099723e-02
-3.003120e-02
-2.908294e-02
-2.815280e-02
-2.724110e-02
-2.634810e-02
-2.547401e-02
-2.461900e-02
-2.378320e-02
-2.296672e-02
-2.216960e-02
-2.139186e-02
-2.063349e-02
-1.989445e-02
-1.917467e-02
-1.847404e-02
-1.779243e-02
-1.712971e-02
-1.648569e-02
-1.586018e-02
-1.525296e-02
-1.466382e-02
-1.409249e-02
-1.353872e-02
-1.300224e-02
-1.248275e-02
-1.197996e-02
-1.149357e-02
-1.102325e-02
-1.056869e-02
-1.012955e-02
-9.705510e-03
-9.296221e-03
-8.901346e-03
-8.520540e-03
-8.153458e-03
-7.799754e-03
-7.459082e-03
-7.131096e-03
-6.815451e-03
-6.511804e-03
-6.219815e-03
-5.939146e-03
-5.669463e-03
-5.410434e-03
-5.161732e-03
-4.923036e-03
-4.694027e-03
-4.474393e-03
-4.263826e-03
-4.062024e-03
-3.868692e-03
-3.683538e-03
-3.506279e-03
-3.336636e-03
-3.174337e-03
-3.019118e-03
-2.870718e-03
-2.728886e-03
-2.593375e-03
-2.463946e-03
-2.340365e-03
-2.222406e-03
-2.109849e-03
-2.002480e-03
-1.900092e-03
-1.802484e-03
-1.709461e-03
-1.620835e-03
-1.536423e-03
-1.456049e-03
-1.379542e-03
-1.306738e-03
-1.237477e-03
-1.171607e-03
-1.108978e-03
-1.049449e-03
-9.928810e-04
-9.391430e-04
-8.881070e-04
-8.396505e-04
-7.936558e-04
-7.500094e-04
-7.086027e-04
-6.693312e-04
-6.320945e-04
-5.967966e-04
-5.633452e-04
-5.316519e-04
-5.016320e-04
-4.732043e-04
-4.462913e-04
-4.208186e-04
-3.967151e-04
-3.739129e-04
-3.523470e-04
-3.319553e-04
-3.126787e-04
-2.944604e-04
-2.772465e-04
-2.609855e-04
-2.456282e-04
-2.311278e-04
-2.174397e-04
-2.045213e-04
-1.923322e-04
-1.808337e-04
-1.699893e-04
-1.597640e-04
-1.501245e-04
-1.410394e-04
-1.324787e-04
-1.244138e-04
-1.168177e-04
-1.096646e-04
-1.029302e-04
-9.659132e-05
-9.062598e-05
-8.501334e-05
-7.973366e-05
-7.476821e-05
-7.009926e-05
-6.570999e-05
-6.158449e-05
-5.770770e-05
-5.406535e-05
-5.064395e-05
-4.743073e-05
-4.441362e-05
-4.158121e-05
-3.892270e-05
-3.642791e-05
-3.408719e-05
-3.189146e-05
-2.983212e-05
-2.790107e-05
-2.609065e-05
-2.439365e-05
-2.280325e-05
-2.131304e-05
-1.991695e-05
-1.860928e-05
-1.738465e-05
-1.623800e-05
-1.516455e-05
-1.415980e-05
-1.321953e-05
-1.233976e-05
-1.151673e-05
-1.074691e-05
-1.002700e-05
-9.353868e-06
-8.724586e-06
-8.136397e-06
-7.586709e-06
-7.073090e-06
-6.593251e-06
-6.145047e-06
-5.726459e-06
-5.335595e-06
-4.970678e-06
-4.630041e-06
-4.312120e-06
-4.015447e-06
-3.738647e-06
-3.480428e-06
-3.239582e-06
-3.014975e-06
-2.805544e-06
-2.610294e-06
-2.428294e-06
-2.258669e-06
-2.100603e-06
-1.953330e-06
-1.816134e-06
-1.688344e-06
-1.569334e-06
-1.458516e-06
-1.355342e-06
-1.259298e-06
-1.169905e-06
-1.086714e-06
-1.009306e-06
-9.372902e-07
-8.702993e-07
-8.079920e-07
-7.500489e-07
-6.961720e-07
-6.460829e-07
-5.995217e-07
-5.562458e-07
-5.160291e-07
-4.786604e-07
-4.439426e-07
-4.116921e-07
-3.817375e-07
-3.539191e-07
-3.280881e-07
-3.041055e-07
-2.818421e-07
-2.611772e-07
-2.419987e-07
-2.242018e-07
-2.076893e-07
-1.923703e-07
-1.781604e-07
-1.649810e-07
-1.527588e-07
-1.414259e-07
-1.309187e-07
-1.211783e-07
-1.121499e-07
-1.037824e-07
-9.602848e-08
-8.884394e-08
-8.218779e-08
-7.602190e-08
-7.031086e-08
-6.502173e-08
-6.012392e-08
-5.558902e-08
-5.139062e-08
-4.750421e-08
-4.390702e-08
-4.057791e-08
-3.749726e-08
-3.464683e-08
-3.200974e-08
-2.957029e-08
-2.731391e-08
-2.522710e-08
-2.329734e-08
-2.151300e-08
-1.986330e-08
-1.833825e-08
-1.692859e-08
-1.562572e-08
-1.442168e-08
-1.330911e-08
-1.228115e-08
-1.133148e-08
-1.045422e-08
-9.643934e-09
-8.895594e-09
-8.204533e-09
-7.566433e-09
-6.977295e-09
-6.433418e-09
-5.931376e-09
-5.467997e-09
-5.040348e-09
-4.645713e-09
-4.281580e-09
-3.945623e-09
-3.635695e-09
-3.349805e-09
-3.086116e-09
-2.842927e-09
-2.618667e-09
-2.411880e-09
-2.221225e-09
-2.045460e-09
-1.883437e-09
-1.734096e-09
-1.596457e-09
-1.469615e-09
-1.352733e-09
-1.245041e-09
-1.145824e-09
-1.054423e-09
-9.702311e-10
-8.926862e-10
-8.212700e-10
-7.555040e-10
-6.949467e-10
-6.391904e-10
-5.878590e-10
-5.406056e-10
-4.971099e-10
-4.570767e-10
-4.202334e-10
-3.863289e-10
-3.551314e-10
-3.264272e-10
-3.000192e-10
-2.757259e-10
-2.533798e-10
-2.328266e-10
-2.139239e-10
-1.965407e-10
-1.805561e-10
-1.658588e-10
-1.523463e-10
-1.399240e-10
-1.285049e-10
-1.180088e-10
-1.083619e-10
-9.949624e-11
-9.134914e-11
-8.386297e-11
-7.698465e-11
-7.066532e-11
-6.485999e-11
-5.952728e-11
-5.462909e-11
-5.013035e-11
-4.599880e-11
-4.220476e-11
-3.872093e-11
-3.552217e-11
-3.258539e-11
-2.988932e-11
-2.741442e-11
-2.514271e-11
-2.305766e-11
-2.114409e-11
-1.938800e-11
-1.777656e-11
-1.629795e-11
-1.494133e-11
-1.369672e-11
-1.255496e-11
-1.150761e-11
-1.054694e-11
-9.665830e-12
-8.857755e-12
-8.116711e-12
-7.437183e-12
-6.814107e-12
-6.242833e-12
-5.719089e-12
-5.238952e-12
-4.798823e-12
-4.395393e-12
-4.025629e-12
-3.686741e-12
-3.376174e-12
-3.091578e-12
-2.830799e-12
-2.591859e-12
-2.372943e-12
-2.172387e-12
-1.988662e-12
-1.820366e-12
-1.666213e-12
-1.525024e-12
-1.395717e-12
-1.277299e-12
-1.168859e-12
-1.069564e-12
-9.786471e-13
-8.954071e-13
-8.192002e-13
-7.494365e-13
-6.855749e-13
-6.271198e-13
-5.736166e-13
-5.246486e-13
-4.798343e-13
-4.388235e-13
-4.012957e-13
-3.669572e-13
-3.355386e-13
-3.067933e-13
-2.804955e-13
-2.564381e-13
-2.344314e-13
-2.143018e-13
-1.958903e-13
-1.790511e-13
-1.636509e-13
-1.495673e-13
-1.366887e-13
-1.249125e-13
-1.141450e-13
-1.043003e-13
-9.529979e-14
-8.707154e-14
-7.954969e-14
-7.267397e-14
-6.638921e-14
-6.064492e-14
-5.539489e-14
-5.059686e-14
-4.621213e-14
-4.220531e-14
-3.854403e-14
-3.519865e-14
-3.214207e-14
-2.934951e-14
-2.679829e-14
-2.446767e-14
-2.233868e-14
-2.039398e-14
-1.861770e-14
-1.699533e-14
-1.551362e-14
-1.416043e-14
-1.292468e-14
-1.179623e-14
-1.076582e-14
-9.824960e-15
-8.965923e-15
-8.181627e-15
-7.465602e-15
-6.811938e-15
-6.215230e-15
-5.670542e-15
-5.173361e-15
-4.719565e-15
-4.305388e-15
-3.927388e-15
-3.582420e-15
-3.267612e-15
-2.980342e-15
-2.718210e-15
-2.479029e-15
-2.260799e-15
-2.061693e-15
-1.880044e-15
-1.714328e-15
-1.563154e-15
-1.425252e-15
-1.299463e-15
-1.184728e-15
-1.080079e-15
-9.846336e-16
-8.975869e-16
-8.182028e-16
-7.458098e-16
-6.797950e-16
-6.195991e-16
-5.647113e-16
-5.146656e-16
-4.690369e-16
-4.274368e-16
-3.895114e-16
-3.549374e-16
-3.234199e-16
-2.946898e-16
-2.685018e-16
-2.446317e-16
-2.228754e-16
-2.030464e-16
-1.849747e-16
-1.685051e-16
-1.534964e-16
-1.398193e-16
-1.273563e-16
-1.159999e-16
-1.056524e-16
-9.622445e-17
-8.763466e-17
-7.980882e-17
-7.267925e-17
-6.618424e-17
-6.026754e-17
-5.487785e-17
-4.996840e-17
-4.549657e-17
-4.142351e-17
-3.771377e-17
-3.433507e-17
-3.125799e-17
-2.845569e-17
-2.590373e-17
-2.357982e-17
-2.146365e-17
-1.953673e-17
-1.778218e-17
-1.618463e-17
-1.473009e-17
-1.340580e-17
-1.220013e-17
-1.110249e-17
-1.010322e-17
-9.193545e-18
-8.365445e-18
-7.611626e-18
-6.925441e-18
-6.300836e-18
-5.732295e-18
-5.214794e-18
-4.743756e-18
-4.315015e-18
-3.924771e-18
-3.569569e-18
-3.246257e-18
-2.951967e-18
-2.684085e-18
-2.440231e-18
-2.218236e-18
-2.016125e-18
-1.832099e-18
-1.664517e-18
-1.511886e-18
-1.372845e-18
-1.246150e-18
-1.130672e-18
-1.025377e-18
-9.293248e-19
-8.416546e-19
-7.615819e-19
-6.883892e-19
-6.214204e-19
-5.600750e-19
-5.038024e-19
-4.520976e-19
-4.044961e-19
-3.605703e-19
-3.199256e-19
-2.821965e-19
-2.470437e-19
-2.141513e-19
-1.832234e-19
-1.539819e-19
-1.261638e-19
-9.951920e-20
-7.380849e-20
-4.880071e-20
-2.425316e-20
-0.000000e+00
