0.000000e+00
4.610015e-19
9.847776e-19
1.619423e-18
2.444075e-18
3.553211e-18
5.071623e-18
7.167498e-18
1.006969e-17
1.409079e-17
1.965823e-17
2.735608e-17
3.798145e-17
5.262036e-17
7.274972e-17
1.003741e-16
1.382086e-16
1.899240e-16
2.604719e-16
3.565194e-16
4.870246e-16
6.640000e-16
9.035216e-16
1.227061e-15
1.663238e-15
2.250127e-15
3.038281e-15
4.094684e-15
5.507928e-15
7.394945e-15
9.909783e-15
1.325499e-14
1.769637e-14
2.358207e-14
3.136724e-14
4.164576e-14
5.519107e-14
7.300856e-14
9.640270e-14
1.270628e-13
1.671726e-13
2.195494e-13
2.878216e-13
3.766534e-13
4.920295e-13
6.416149e-13
8.352089e-13
1.085317e-12
1.407867e-12
1.823115e-12
2.356768e-12
3.041398e-12
3.918200e-12
5.039182e-12
6.469887e-12
8.292773e-12
1.061139e-11
1.355557e-11
1.728777e-11
2.201097e-11
2.797830e-11
3.550493e-11
4.498255e-11
5.689718e-11
7.185081e-11
9.058782e-11
1.140271e-10
1.433012e-10
1.798034e-10
2.252448e-10
2.817241e-10
3.518101e-10
4.386422e-10
5.460512e-10
6.787035e-10
8.422741e-10
1.043653e-09
1.291193e-09
1.595002e-09
1.967295e-09
2.422803e-09
2.979273e-09
3.658043e-09
4.484730e-09
5.490040e-09
6.710720e-09
8.190679e-09
9.982299e-09
1.214797e-08
1.476189e-08
1.791217e-08
2.170326e-08
2.625878e-08
3.172488e-08
3.827399e-08
4.610928e-08
5.546976e-08
6.663620e-08
7.993789e-08
9.576045e-08
1.145548e-07
1.368473e-07
1.632517e-07
1.944823e-07
2.313695e-07
2.748766e-07
3.261202e-07
3.863922e-07
4.571851e-07
5.402206e-07
6.374822e-07
7.512510e-07
8.841473e-07
1.039176e-06
1.219777e-06
1.429885e-06
1.673993e-06
1.957222e-06
2.285402e-06
2.665162e-06
3.104025e-06
3.610519e-06
4.194297e-06
4.866266e-06
5.638738e-06
6.525585e-06
7.542419e-06
8.706780e-06
1.003835e-05
1.155918e-05
1.329395e-05
1.527020e-05
1.751870e-05
2.007368e-05
2.297324e-05
2.625970e-05
2.997998e-05
3.418606e-05
3.893542e-05
4.429152e-05
5.032437e-05
5.711101e-05
6.473618e-05
7.329291e-05
8.288315e-05
9.361853e-05
1.056211e-04
1.190239e-04
1.339721e-04
1.506237e-04
1.691502e-04
1.897377e-04
2.125878e-04
2.379188e-04
2.659660e-04
2.969835e-04
3.312448e-04
3.690437e-04
4.106958e-04
4.565393e-04
5.069357e-04
5.622716e-04
6.229589e-04
6.894364e-04
7.621705e-04
8.416559e-04
9.284169e-04
1.023008e-03
1.126014e-03
1.238052e-03
1.359771e-03
1.491852e-03
1.635009e-03
1.789988e-03
1.957570e-03
2.138567e-03
2.333822e-03
2.544214e-03
2.770648e-03
3.014063e-03
3.275425e-03
3.555727e-03
3.855989e-03
4.177254e-03
4.520584e-03
4.887064e-03
5.277791e-03
5.693876e-03
6.136440e-03
6.606606e-03
7.105502e-03
7.634250e-03
8.193963e-03
8.785742e-03
9.410667e-03
1.006979e-02
1.076415e-02
1.149472e-02
1.226245e-02
1.306822e-02
1.391288e-02
1.479719e-02
1.572184e-02
1.668745e-02
1.769455e-02
1.874355e-02
1.983477e-02
2.096844e-02
2.214463e-02
2.336331e-02
2.462429e-02
2.592726e-02
2.727174e-02
2.865709e-02
3.008252e-02
3.154705e-02
3.304955e-02
3.458866e-02
3.616288e-02
3.777049e-02
3.940957e-02
4.107802e-02
4.277352e-02
4.449357e-02
4.623543e-02
4.799620e-02
4.977274e-02
5.156173e-02
5.335965e-02
5.516279e-02
5.696726e-02
5.876896e-02
6.056364e-02
6.234689e-02
6.411414e-02
6.586067e-02
6.758163e-02
6.927205e-02
7.092685e-02
7.254087e-02
7.410887e-02
7.562555e-02
7.708557e-02
7.848356e-02
7.981415e-02
8.107199e-02
8.225177e-02
8.334822e-02
8.435617e-02
8.527052e-02
8.608632e-02
8.679875e-02
8.740314e-02
8.789503e-02
8.827015e-02
8.852448e-02
8.865422e-02
8.865585e-02
8.852615e-02
8.826220e-02
8.786141e-02
8.732152e-02
8.664064e-02
8.581725e-02
8.485022e-02
8.373881e-02
8.248271e-02
8.108201e-02
7.953724e-02
7.784935e-02
7.601974e-02
7.405026e-02
7.194317e-02
6.970121e-02
6.732753e-02
6.482574e-02
6.219985e-02
5.945432e-02
5.659400e-02
5.362415e-02
5.055043e-02
4.737884e-02
4.411576e-02
4.076792e-02
3.734233e-02
3.384634e-02
3.028754e-02
2.667380e-02
2.301320e-02
1.931404e-02
1.558478e-02
1.183403e-02
8.070548e-03
4.303149e-03
5.407310e-04
-3.207776e-03
-6.933437e-03
-1.062734e-02
-1.428063e-02
-1.788453e-02
-2.143038e-02
-2.490965e-02
-2.831398e-02
-3.163522e-02
-3.486542e-02
-3.799690e-02
-4.102221e-02
-4.393425e-02
-4.672619e-02
-4.939156e-02
-5.192425e-02
-5.431851e-02
-5.656898e-02
-5.867073e-02
-6.061923e-02
-6.241039e-02
-6.404055e-02
-6.550652e-02
-6.680555e-02
-6.793536e-02
-6.889414e-02
-6.968054e-02
-7.029367e-02
-7.073312e-02
-7.099893e-02
-7.109162e-02
-7.101212e-02
-7.076183e-02
-7.034258e-02
-6.975662e-02
-6.900660e-02
-6.809558e-02
-6.702699e-02
-6.580463e-02
-6.443266e-02
-6.291554e-02
-6.125808e-02
-5.946535e-02
-5.754273e-02
-5.549580e-02
-5.333044e-02
-5.105267e-02
-4.866876e-02
-4.618510e-02
-4.360825e-02
-4.094489e-02
-3.820181e-02
-3.538585e-02
-3.250393e-02
-2.956301e-02
-2.657006e-02
-2.263793e-02
-1.867277e-02
-1.468328e-02
-1.067804e-02
-6.665486e-03
-2.653917e-03
1.348564e-03
5.334042e-03
9.294818e-03
1.322342e-02
1.711262e-02
2.095546e-02
2.474524e-02
2.847555e-02
3.214026e-02
3.573356e-02
3.924994e-02
4.268422e-02
4.603151e-02
4.928728e-02
5.244731e-02
5.550772e-02
5.846494e-02
6.131577e-02
6.405730e-02
6.668697e-02
6.920254e-02
7.160208e-02
7.388398e-02
7.604696e-02
7.809000e-02
8.001241e-02
8.181378e-02
8.349397e-02
8.505311e-02
8.649160e-02
8.781008e-02
8.900944e-02
9.009079e-02
9.105546e-02
9.190500e-02
9.264113e-02
9.326577e-02
9.378102e-02
9.418913e-02
9.449250e-02
9.469366e-02
9.479528e-02
9.480015e-02
9.471113e-02
9.453121e-02
9.426344e-02
9.391094e-02
9.347690e-02
9.296455e-02
9.237717e-02
9.171805e-02
9.099052e-02
9.019791e-02
8.934357e-02
8.843082e-02
8.746299e-02
8.644337e-02
8.537523e-02
8.426182e-02
8.310633e-02
8.191191e-02
8.068166e-02
7.941863e-02
7.812579e-02
7.680606e-02
7.546229e-02
7.409725e-02
7.271364e-02
7.131407e-02
6.990109e-02
6.847715e-02
6.704462e-02
6.560577e-02
6.416281e-02
6.271783e-02
6.127287e-02
5.982983e-02
5.839056e-02
5.695682e-02
5.553025e-02
5.411244e-02
5.270486e-02
5.130891e-02
4.992590e-02
4.855707e-02
4.720356e-02
4.586644e-02
4.454669e-02
4.324522e-02
4.196287e-02
4.070040e-02
3.945849e-02
3.823778e-02
3.703882e-02
3.586210e-02
3.470805e-02
3.357703e-02
3.246937e-02
3.138532e-02
3.032508e-02
2.928882e-02
2.827663e-02
2.728859e-02
2.632471e-02
2.538498e-02
2.446932e-02
2.357766e-02
2.270986e-02
2.186576e-02
2.104517e-02
2.024787e-02
1.947361e-02
1.872214e-02
1.799316e-02
1.728637e-02
1.660143e-02
1.593800e-02
1.529573e-02
1.467424e-02
1.407315e-02
1.349206e-02
1.293057e-02
1.238827e-02
1.186475e-02
1.135958e-02
1.087233e-02
1.040258e-02
9.949894e-03
9.513837e-03
9.093978e-03
8.689885e-03
8.301127e-03
7.927276e-03
7.567906e-03
7.222595e-03
6.890924e-03
6.572480e-03
6.266855e-03
5.973644e-03
5.692452e-03
5.422888e-03
5.164566e-03
4.917110e-03
4.680149e-03
4.453321e-03
4.236271e-03
4.028650e-03
3.830120e-03
3.640349e-03
3.459013e-03
3.285796e-03
3.120393e-03
2.962502e-03
2.811834e-03
2.668106e-03
2.531044e-03
2.400380e-03
2.275856e-03
2.157222e-03
2.044236e-03
1.936661e-03
1.834272e-03
1.736848e-03
1.644177e-03
1.556055e-03
1.472282e-03
1.392670e-03
1.317032e-03
1.245193e-03
1.176982e-03
1.112234e-03
1.050791e-03
9.925011e-04
9.372186e-04
8.848030e-04
8.351196e-04
7.880390e-04
7.434373e-04
7.011956e-04
6.611999e-04
6.233410e-04
5.875144e-04
5.536201e-04
5.215623e-04
4.912496e-04
4.625944e-04
4.355132e-04
4.099260e-04
3.857567e-04
3.629325e-04
3.413840e-04
3.210450e-04
3.018523e-04
2.837460e-04
2.666686e-04
2.505656e-04
2.353852e-04
2.210779e-04
2.075968e-04
1.948971e-04
1.829364e-04
1.716744e-04
1.610727e-04
1.510949e-04
1.417064e-04
1.328746e-04
1.245682e-04
1.167577e-04
1.094153e-04
1.025144e-04
9.602990e-05
8.993801e-05
8.421623e-05
7.884324e-05
7.379888e-05
6.906405e-05
6.462073e-05
6.045185e-05
5.654128e-05
5.287380e-05
4.943501e-05
4.621131e-05
4.318989e-05
4.035863e-05
3.770610e-05
3.522152e-05
3.289473e-05
3.071614e-05
2.867673e-05
2.676797e-05
2.498186e-05
2.331083e-05
2.174778e-05
2.028601e-05
1.891922e-05
1.764148e-05
1.644723e-05
1.533121e-05
1.428850e-05
1.331447e-05
1.240475e-05
1.155527e-05
1.076217e-05
1.002185e-05
9.330930e-06
8.686222e-06
8.084746e-06
7.523702e-06
7.000466e-06
6.512577e-06
6.057726e-06
5.633750e-06
5.238623e-06
4.870444e-06
4.527435e-06
4.207931e-06
3.910370e-06
3.633292e-06
3.375332e-06
3.135209e-06
2.911729e-06
2.703771e-06
2.510289e-06
2.330306e-06
2.162907e-06
2.007236e-06
1.862496e-06
1.727941e-06
1.602874e-06
1.486643e-06
1.378643e-06
1.278306e-06
1.185102e-06
1.098538e-06
1.018154e-06
9.435188e-07
8.742329e-07
8.099223e-07
7.502388e-07
6.948577e-07
6.434767e-07
5.958139e-07
5.516067e-07
5.106107e-07
4.725980e-07
4.373569e-07
4.046898e-07
3.744132e-07
3.463562e-07
3.203596e-07
2.962757e-07
2.739669e-07
2.533051e-07
2.341716e-07
2.164556e-07
2.000545e-07
1.848728e-07
1.708216e-07
1.578186e-07
1.457873e-07
1.346564e-07
1.243601e-07
1.148369e-07
1.060300e-07
9.788664e-08
9.035776e-08
8.339791e-08
7.696492e-08
7.101967e-08
6.552589e-08
6.044994e-08
5.576065e-08
5.142910e-08
4.742851e-08
4.373406e-08
4.032273e-08
3.717323e-08
3.426581e-08
3.158221e-08
2.910548e-08
2.681997e-08
2.471116e-08
2.276562e-08
2.097093e-08
1.931559e-08
1.778897e-08
1.638120e-08
1.508321e-08
1.388656e-08
1.278347e-08
1.176675e-08
1.082973e-08
9.966271e-09
9.170688e-09
8.437727e-09
7.762535e-09
7.140629e-09
6.567866e-09
6.040423e-09
5.554767e-09
5.107636e-09
4.696020e-09
4.317138e-09
3.968425e-09
3.647514e-09
3.352219e-09
3.080525e-09
2.830571e-09
2.600644e-09
2.389159e-09
2.194659e-09
2.015797e-09
1.851334e-09
1.700126e-09
1.561119e-09
1.433341e-09
1.315897e-09
1.207962e-09
1.108777e-09
1.017641e-09
9.339090e-10
8.569874e-10
7.863292e-10
7.214307e-10
6.618282e-10
6.070949e-10
5.568378e-10
5.106953e-10
4.683345e-10
4.294493e-10
3.937578e-10
3.610008e-10
3.309399e-10
3.033558e-10
2.780466e-10
2.548270e-10
2.335264e-10
2.139879e-10
1.960674e-10
1.796325e-10
1.645613e-10
1.507419e-10
1.380715e-10
1.264556e-10
1.158073e-10
1.060469e-10
9.710123e-11
8.890287e-11
8.139010e-11
7.450618e-11
6.819900e-11
6.242075e-11
5.712751e-11
5.227899e-11
4.783819e-11
4.377117e-11
4.004678e-11
3.663644e-11
3.351392e-11
3.065517e-11
2.803812e-11
2.564253e-11
2.344984e-11
2.144302e-11
1.960647e-11
1.792587e-11
1.638810e-11
1.498114e-11
1.369396e-11
1.251645e-11
1.143935e-11
1.045418e-11
9.553165e-12
8.729174e-12
7.975681e-12
7.286708e-12
6.656777e-12
6.080873e-12
5.554401e-12
5.073154e-12
4.633279e-12
4.231251e-12
3.863839e-12
3.528087e-12
3.221291e-12
2.940972e-12
2.684864e-12
2.450893e-12
2.237161e-12
2.041931e-12
1.863614e-12
1.700756e-12
1.552027e-12
1.416212e-12
1.292197e-12
1.178965e-12
1.075586e-12
9.812080e-13
8.950541e-13
8.164127e-13
7.446335e-13
6.791223e-13
6.193355e-13
5.647767e-13
5.149920e-13
4.695666e-13
4.281215e-13
3.903105e-13
3.558171e-13
3.243523e-13
2.956519e-13
2.694749e-13
2.456007e-13
2.238284e-13
2.039740e-13
1.858697e-13
1.693624e-13
1.543120e-13
1.405909e-13
1.280823e-13
1.166800e-13
1.062865e-13
9.681336e-14
8.817950e-14
8.031104e-14
7.314056e-14
6.660655e-14
6.065285e-14
5.522825e-14
5.028603e-14
4.578353e-14
4.168189e-14
3.794563e-14
3.454240e-14
3.144269e-14
2.861959e-14
2.604856e-14
2.370724e-14
2.157521e-14
1.963388e-14
1.786629e-14
1.625698e-14
1.479185e-14
1.345807e-14
1.224392e-14
1.113873e-14
1.013278e-14
9.217213e-15
8.383946e-15
7.625624e-15
6.935543e-15
6.307595e-15
5.736215e-15
5.216336e-15
4.743340e-15
4.313021e-15
3.921550e-15
3.565436e-15
3.241504e-15
2.946860e-15
2.678870e-15
2.435135e-15
2.213470e-15
2.011888e-15
1.828578e-15
1.661892e-15
1.510330e-15
1.372527e-15
1.247239e-15
1.133335e-15
1.029786e-15
9.356561e-16
8.500914e-16
7.723166e-16
7.016258e-16
6.373769e-16
5.789855e-16
5.259202e-16
4.776974e-16
4.338771e-16
3.940593e-16
3.578802e-16
3.250086e-16
2.951435e-16
2.680113e-16
2.433629e-16
2.209719e-16
2.006326e-16
1.821577e-16
1.653771e-16
1.501361e-16
1.362941e-16
1.237231e-16
1.123069e-16
1.019400e-16
9.252626e-17
8.397843e-17
7.621719e-17
6.917046e-17
6.277273e-17
5.696447e-17
5.169159e-17
4.690494e-17
4.255986e-17
3.861578e-17
3.503584e-17
3.178655e-17
2.883750e-17
2.616104e-17
2.373209e-17
2.152783e-17
1.952757e-17
1.771250e-17
1.606553e-17
1.457116e-17
1.321530e-17
1.198516e-17
1.086913e-17
9.856658e-18
8.938174e-18
8.104984e-18
7.349196e-18
6.663645e-18
6.041828e-18
5.477840e-18
4.966323e-18
4.502412e-18
4.081692e-18
3.700156e-18
3.354168e-18
3.040426e-18
2.755935e-18
2.497979e-18
2.264090e-18
2.052030e-18
1.859769e-18
1.685465e-18
1.527446e-18
1.384195e-18
1.254338e-18
1.136625e-18
1.029925e-18
9.332100e-19
8.455497e-19
7.660985e-19
6.940902e-19
6.288298e-19
5.696868e-19
5.160895e-19
4.675197e-19
4.235070e-19
3.836253e-19
3.474879e-19
3.147443e-19
2.850767e-19
2.581969e-19
2.338438e-19
2.117804e-19
1.917921e-19
1.736841e-19
1.572800e-19
1.424199e-19
1.289586e-19
1.167649e-19
1.057195e-19
9.571445e-20
8.665188e-20
7.844308e-20
7.100762e-20
6.427263e-20
5.817205e-20
5.264601e-20
4.764025e-20
4.310558e-20
3.899741e-20
3.527532e-20
3.190268e-20
2.884628e-20
2.607597e-20
2.356446e-20
2.128695e-20
1.922097e-20
1.734611e-20
1.564383e-20
1.409731e-20
1.269125e-20
1.141172e-20
1.024606e-20
9.182728e-21
8.211175e-21
7.321773e-21
6.505701e-21
5.754863e-21
5.061810e-21
4.419663e-21
3.822050e-21
3.263038e-21
2.737082e-21
2.238962e-21
1.763736e-21
1.306693e-21
8.633017e-22
4.288172e-22
0.000000e+00
