0.000000e+00
3.881721e-18
8.283583e-18
1.360347e-17
2.049469e-17
2.973420e-17
4.234470e-17
5.969991e-17
8.366303e-17
1.167712e-16
1.624828e-16
2.255092e-16
3.122611e-16
4.314457e-16
5.948685e-16
8.185030e-16
1.123919e-15
1.540186e-15
2.106396e-15
2.875017e-15
3.916325e-15
5.324252e-15
7.224104e-15
9.782698e-15
1.322166e-14
1.783488e-14
2.401121e-14
3.226426e-14
4.327096e-14
5.792179e-14
7.738586e-14
1.031951e-13
1.373527e-13
1.824737e-13
2.419643e-13
3.202533e-13
4.230881e-13
5.579127e-13
7.343501e-13
9.648172e-13
1.265305e-12
1.656367e-12
2.164378e-12
2.823109e-12
3.675730e-12
4.777318e-12
6.198013e-12
8.026974e-12
1.037733e-11
1.339234e-11
1.725314e-11
2.218827e-11
2.848562e-11
3.650714e-11
4.670710e-11
5.965464e-11
7.606146e-11
9.681603e-11
1.230255e-10
1.560671e-10
1.976508e-10
2.498965e-10
3.154271e-10
3.974823e-10
5.000572e-10
6.280692e-10
7.875610e-10
9.859447e-10
1.232297e-09
1.537715e-09
1.915740e-09
2.382869e-09
2.959169e-09
3.669001e-09
4.541898e-09
5.613594e-09
6.927260e-09
8.534961e-09
1.049939e-08
1.289588e-08
1.581488e-08
1.936471e-08
2.367495e-08
2.890031e-08
3.522524e-08
4.286928e-08
5.209327e-08
6.320664e-08
7.657591e-08
9.263443e-08
1.118938e-07
1.349570e-07
1.625335e-07
1.954569e-07
2.347050e-07
2.814228e-07
3.369489e-07
4.028461e-07
4.809355e-07
5.733364e-07
6.825108e-07
8.113143e-07
9.630541e-07
1.141554e-06
1.351228e-06
1.597164e-06
1.885216e-06
2.222112e-06
2.615569e-06
3.074424e-06
3.608784e-06
4.230189e-06
4.951794e-06
5.788570e-06
6.757530e-06
7.877978e-06
9.171780e-06
1.066367e-05
1.238157e-05
1.435698e-05
1.662533e-05
1.922648e-05
2.220511e-05
2.561133e-05
2.950115e-05
3.393715e-05
3.898910e-05
4.473468e-05
5.126022e-05
5.866154e-05
6.704479e-05
7.652740e-05
8.723906e-05
9.932274e-05
1.129358e-04
1.282514e-04
1.454591e-04
1.647669e-04
1.864023e-04
2.106132e-04
2.376704e-04
2.678682e-04
3.015262e-04
3.389911e-04
3.806383e-04
4.268732e-04
4.781333e-04
5.348895e-04
5.976480e-04
6.669518e-04
7.433825e-04
8.275617e-04
9.201523e-04
1.021860e-03
1.133436e-03
1.255676e-03
1.389420e-03
1.535560e-03
1.695032e-03
1.868822e-03
2.057964e-03
2.263541e-03
2.486685e-03
2.728573e-03
2.990431e-03
3.273528e-03
3.579177e-03
3.908730e-03
4.263579e-03
4.645149e-03
5.054896e-03
5.494302e-03
5.964870e-03
6.468120e-03
7.005579e-03
7.578779e-03
8.189246e-03
8.838492e-03
9.528010e-03
1.025926e-02
1.103366e-02
1.185258e-02
1.271733e-02
1.362913e-02
1.458914e-02
1.559839e-02
1.665782e-02
1.776823e-02
1.893030e-02
2.014453e-02
2.141127e-02
2.273069e-02
2.410273e-02
2.552717e-02
2.700352e-02
2.853108e-02
3.010888e-02
3.173569e-02
3.341000e-02
3.513002e-02
3.689365e-02
3.869848e-02
4.054179e-02
4.242053e-02
4.433133e-02
4.627046e-02
4.823389e-02
5.021722e-02
5.221572e-02
5.422435e-02
5.623771e-02
5.825010e-02
6.025550e-02
6.224761e-02
6.421981e-02
6.616525e-02
6.807681e-02
6.994714e-02
7.176870e-02
7.353378e-02
7.523449e-02
7.686285e-02
7.841080e-02
7.987021e-02
8.123295e-02
8.249091e-02
8.363606e-02
8.466047e-02
8.555636e-02
8.631614e-02
8.693249e-02
8.739834e-02
8.770696e-02
8.785202e-02
8.782760e-02
8.762822e-02
8.724895e-02
8.668540e-02
8.593376e-02
8.499088e-02
8.385426e-02
8.252211e-02
8.099338e-02
7.926780e-02
7.734587e-02
7.522891e-02
7.291909e-02
7.041940e-02
6.773373e-02
6.486679e-02
6.182418e-02
5.861235e-02
5.523863e-02
5.171115e-02
4.803890e-02
4.423165e-02
4.029996e-02
3.625511e-02
3.210911e-02
2.787460e-02
2.356486e-02
1.919373e-02
1.477556e-02
1.032514e-02
5.857668e-03
1.388658e-03
-3.066120e-03
-7.490711e-03
-1.186905e-02
-1.618502e-02
-2.042257e-02
-2.456573e-02
-2.859876e-02
-3.250617e-02
-3.627282e-02
-3.988401e-02
-4.332552e-02
-4.658372e-02
-4.964562e-02
-5.249895e-02
-5.513223e-02
-5.753480e-02
-5.969692e-02
-6.160980e-02
-6.326566e-02
-6.465776e-02
-6.578048e-02
-6.662928e-02
-6.720083e-02
-6.749292e-02
-6.750457e-02
-6.723599e-02
-6.668862e-02
-6.586508e-02
-6.476921e-02
-6.340601e-02
-6.178168e-02
-5.990354e-02
-5.778002e-02
-5.542061e-02
-5.283584e-02
-5.003721e-02
-4.703714e-02
-4.384893e-02
-4.048666e-02
-3.696517e-02
-3.329994e-02
-2.950706e-02
-2.560314e-02
-2.160521e-02
-1.753066e-02
-1.339716e-02
-9.222584e-03
-5.024889e-03
-8.220724e-04
3.367933e-03
7.527334e-03
1.163856e-02
1.568435e-02
1.964781e-02
2.351251e-02
2.726255e-02
3.088262e-02
3.435807e-02
3.767499e-02
4.082024e-02
4.378151e-02
4.654738e-02
4.910736e-02
5.145192e-02
5.357252e-02
5.546168e-02
5.711295e-02
5.852094e-02
5.968135e-02
6.059098e-02
6.124772e-02
6.165052e-02
6.179944e-02
6.169560e-02
6.134116e-02
6.073929e-02
5.989419e-02
5.881101e-02
5.749583e-02
5.595560e-02
5.419816e-02
5.223213e-02
5.006687e-02
4.771245e-02
4.517961e-02
4.152724e-02
3.772675e-02
3.379408e-02
2.974547e-02
2.559744e-02
2.136670e-02
1.707003e-02
1.272428e-02
8.346250e-03
3.952640e-03
-4.400198e-04
-4.815434e-03
-9.157606e-03
-1.345089e-02
-1.768006e-02
-2.183036e-02
-2.588753e-02
-2.983790e-02
-3.366839e-02
-3.736658e-02
-4.092070e-02
-4.431973e-02
-4.755337e-02
-5.061211e-02
-5.348719e-02
-5.617068e-02
-5.865547e-02
-6.093525e-02
-6.300455e-02
-6.485874e-02
-6.649402e-02
-6.790739e-02
-6.909670e-02
-7.006058e-02
-7.079845e-02
-7.131053e-02
-7.159774e-02
-7.166179e-02
-7.150504e-02
-7.113057e-02
-7.054208e-02
-6.974391e-02
-6.874097e-02
-6.753873e-02
-6.614319e-02
-6.456080e-02
-6.279850e-02
-6.086360e-02
-5.876382e-02
-5.650719e-02
-5.410204e-02
-5.155698e-02
-4.888082e-02
-4.608257e-02
-4.317139e-02
-4.015654e-02
-3.704739e-02
-3.385333e-02
-3.058377e-02
-2.724811e-02
-2.385569e-02
-2.041578e-02
-1.693755e-02
-1.343001e-02
-9.902048e-03
-6.362348e-03
-2.819397e-03
7.185417e-04
4.243446e-03
7.747557e-03
1.122339e-02
1.466374e-02
1.806173e-02
2.141078e-02
2.470461e-02
2.793733e-02
3.110332e-02
3.419735e-02
3.721452e-02
4.015028e-02
4.300042e-02
4.576110e-02
4.842882e-02
5.100040e-02
5.347305e-02
5.584428e-02
5.811194e-02
6.027421e-02
6.232960e-02
6.427690e-02
6.611524e-02
6.784401e-02
6.946290e-02
7.097187e-02
7.237114e-02
7.366117e-02
7.484268e-02
7.591661e-02
7.688411e-02
7.774654e-02
7.850545e-02
7.916256e-02
7.971976e-02
8.017912e-02
8.054283e-02
8.081320e-02
8.099268e-02
8.108382e-02
8.108927e-02
8.101176e-02
8.085410e-02
8.061916e-02
8.030985e-02
7.992915e-02
7.948006e-02
7.896559e-02
7.838879e-02
7.775270e-02
7.706038e-02
7.631485e-02
7.551914e-02
7.467625e-02
7.378915e-02
7.286077e-02
7.189400e-02
7.089170e-02
6.985666e-02
6.879161e-02
6.769926e-02
6.658220e-02
6.544301e-02
6.428415e-02
6.310806e-02
6.191705e-02
6.071340e-02
5.949930e-02
5.827684e-02
5.704806e-02
5.581491e-02
5.457924e-02
5.334284e-02
5.210743e-02
5.087461e-02
4.964593e-02
4.842285e-02
4.720676e-02
4.599896e-02
4.480068e-02
4.361306e-02
4.243719e-02
4.127406e-02
4.012462e-02
3.898973e-02
3.787017e-02
3.676669e-02
3.567994e-02
3.461053e-02
3.355901e-02
3.252585e-02
3.151150e-02
3.051632e-02
2.954064e-02
2.858474e-02
2.764885e-02
2.673315e-02
2.583777e-02
2.496282e-02
2.410836e-02
2.327442e-02
2.246098e-02
2.166799e-02
2.089539e-02
2.014307e-02
1.941090e-02
1.869872e-02
1.800636e-02
1.733362e-02
1.668027e-02
1.604607e-02
1.543077e-02
1.483409e-02
1.425575e-02
1.369546e-02
1.315289e-02
1.262774e-02
1.211967e-02
1.162834e-02
1.115342e-02
1.069455e-02
1.025138e-02
9.823553e-03
9.410714e-03
9.012500e-03
8.628547e-03
8.258495e-03
7.901980e-03
7.558642e-03
7.228122e-03
6.910063e-03
6.604110e-03
6.309913e-03
6.027124e-03
5.755399e-03
5.494401e-03
5.243794e-03
5.003251e-03
4.772448e-03
4.551066e-03
4.338794e-03
4.135326e-03
3.940362e-03
3.753608e-03
3.574777e-03
3.403589e-03
3.239769e-03
3.083051e-03
2.933174e-03
2.789884e-03
2.652934e-03
2.522083e-03
2.397098e-03
2.277752e-03
2.163824e-03
2.055101e-03
1.951374e-03
1.852444e-03
1.758115e-03
1.668199e-03
1.582514e-03
1.500884e-03
1.423138e-03
1.349112e-03
1.278647e-03
1.211590e-03
1.147794e-03
1.087115e-03
1.029417e-03
9.745685e-04
9.224411e-04
8.729132e-04
8.258670e-04
7.811895e-04
7.387723e-04
6.985110e-04
6.603054e-04
6.240596e-04
5.896814e-04
5.570825e-04
5.261782e-04
4.968874e-04
4.691325e-04
4.428390e-04
4.179359e-04
3.943551e-04
3.720314e-04
3.509028e-04
3.309098e-04
3.119955e-04
2.941058e-04
2.771889e-04
2.611955e-04
2.460784e-04
2.317927e-04
2.182957e-04
2.055464e-04
1.935061e-04
1.821376e-04
1.714059e-04
1.612772e-04
1.517198e-04
1.427031e-04
1.341985e-04
1.261784e-04
1.186167e-04
1.114887e-04
1.047708e-04
9.844064e-05
9.247708e-05
8.685994e-05
8.157014e-05
7.658954e-05
7.190098e-05
6.748816e-05
6.333565e-05
5.942883e-05
5.575384e-05
5.229756e-05
4.904758e-05
4.599214e-05
4.312012e-05
4.042099e-05
3.788480e-05
3.550213e-05
3.326410e-05
3.116228e-05
2.918873e-05
2.733595e-05
2.559685e-05
2.396473e-05
2.243327e-05
2.099650e-05
1.964880e-05
1.838486e-05
1.719967e-05
1.608851e-05
1.504692e-05
1.407071e-05
1.315592e-05
1.229883e-05
1.149592e-05
1.074389e-05
1.003963e-05
9.380206e-06
8.762862e-06
8.185001e-06
7.644184e-06
7.138112e-06
6.664626e-06
6.221695e-06
5.807410e-06
5.419977e-06
5.057709e-06
4.719022e-06
4.402428e-06
4.106530e-06
3.830014e-06
3.571648e-06
3.330277e-06
3.104814e-06
2.894242e-06
2.697604e-06
2.514004e-06
2.342603e-06
2.182611e-06
2.033291e-06
1.893948e-06
1.763936e-06
1.642645e-06
1.529505e-06
1.423984e-06
1.325581e-06
1.233829e-06
1.148288e-06
1.068550e-06
9.942306e-07
9.249700e-07
8.604327e-07
8.003041e-07
7.442905e-07
6.921167e-07
6.435257e-07
5.982772e-07
5.561466e-07
5.169239e-07
4.804130e-07
4.464305e-07
4.148052e-07
3.853773e-07
3.579973e-07
3.325258e-07
3.088327e-07
2.867964e-07
2.663035e-07
2.472481e-07
2.295315e-07
2.130616e-07
1.977524e-07
1.835237e-07
1.703008e-07
1.580141e-07
1.465984e-07
1.359934e-07
1.261425e-07
1.169931e-07
1.084963e-07
1.006062e-07
9.328055e-08
8.647957e-08
8.016639e-08
7.430667e-08
6.886843e-08
6.382188e-08
5.913932e-08
5.479496e-08
5.076479e-08
4.702648e-08
4.355927e-08
4.034382e-08
3.736216e-08
3.459758e-08
3.203454e-08
2.965859e-08
2.745629e-08
2.541516e-08
2.352358e-08
2.177079e-08
2.014676e-08
1.864217e-08
1.724838e-08
1.595736e-08
1.476165e-08
1.365431e-08
1.262891e-08
1.167948e-08
1.080048e-08
9.986760e-09
9.233539e-09
8.536387e-09
7.891191e-09
7.294132e-09
6.741672e-09
6.230525e-09
5.757645e-09
5.320207e-09
4.915592e-09
4.541370e-09
4.195289e-09
3.875262e-09
3.579353e-09
3.305769e-09
3.052847e-09
2.819048e-09
2.602945e-09
2.403214e-09
2.218633e-09
2.048066e-09
1.890463e-09
1.744850e-09
1.610328e-09
1.486060e-09
1.371277e-09
1.265261e-09
1.167352e-09
1.076938e-09
9.934506e-10
9.163663e-10
8.451995e-10
7.795014e-10
7.188564e-10
6.628805e-10
6.112182e-10
5.635409e-10
5.195447e-10
4.789484e-10
4.414924e-10
4.069362e-10
3.750580e-10
3.456523e-10
3.185296e-10
2.935144e-10
2.704447e-10
2.491709e-10
2.295545e-10
2.114678e-10
1.947927e-10
1.794202e-10
1.652496e-10
1.521879e-10
1.401491e-10
1.290540e-10
1.188292e-10
1.094073e-10
1.007258e-10
9.272700e-11
8.535781e-11
7.856914e-11
7.231567e-11
6.655563e-11
6.125044e-11
5.636451e-11
5.186503e-11
4.772170e-11
4.390660e-11
4.039396e-11
3.716001e-11
3.418284e-11
3.144225e-11
2.891960e-11
2.659772e-11
2.446076e-11
2.249412e-11
2.068435e-11
1.901904e-11
1.748676e-11
1.607697e-11
1.477996e-11
1.358678e-11
1.248919e-11
1.147960e-11
1.055101e-11
9.696972e-12
8.911549e-12
8.189272e-12
7.525106e-12
6.914412e-12
6.352919e-12
5.836694e-12
5.362117e-12
4.925852e-12
4.524831e-12
4.156229e-12
3.817443e-12
3.506082e-12
3.219940e-12
2.956992e-12
2.715370e-12
2.493357e-12
2.289375e-12
2.101969e-12
1.929801e-12
1.771642e-12
1.626360e-12
1.492914e-12
1.370347e-12
1.257777e-12
1.154395e-12
1.059456e-12
9.722758e-13
8.922242e-13
8.187222e-13
7.512377e-13
6.892813e-13
6.324032e-13
5.801898e-13
5.322612e-13
4.882679e-13
4.478890e-13
4.108295e-13
3.768181e-13
3.456058e-13
3.169637e-13
2.906815e-13
2.665659e-13
2.444395e-13
2.241392e-13
2.055152e-13
1.884299e-13
1.727570e-13
1.583804e-13
1.451936e-13
1.330986e-13
1.220056e-13
1.118321e-13
1.025023e-13
9.394669e-14
8.610134e-14
7.890764e-14
7.231178e-14
6.626436e-14
6.072002e-14
5.563716e-14
5.097758e-14
4.670622e-14
4.279092e-14
3.920216e-14
3.591285e-14
3.289814e-14
3.013524e-14
2.760322e-14
2.528289e-14
2.315664e-14
2.120834e-14
1.942315e-14
1.778751e-14
1.628894e-14
1.491602e-14
1.365826e-14
1.250606e-14
1.145060e-14
1.048380e-14
9.598251e-15
8.787155e-15
8.044285e-15
7.363929e-15
6.740854e-15
6.170259e-15
5.647746e-15
5.169282e-15
4.731172e-15
4.330028e-15
3.962746e-15
3.626481e-15
3.318626e-15
3.036791e-15
2.778787e-15
2.542609e-15
2.326418e-15
2.128530e-15
1.947403e-15
1.781624e-15
1.629897e-15
1.491037e-15
1.363957e-15
1.247663e-15
1.141241e-15
1.043859e-15
9.547511e-16
8.732170e-16
7.986158e-16
7.303601e-16
6.679123e-16
6.107800e-16
5.585123e-16
5.106965e-16
4.669546e-16
4.269405e-16
3.903375e-16
3.568555e-16
3.262289e-16
2.982148e-16
2.725905e-16
2.491525e-16
2.277142e-16
2.081049e-16
1.901684e-16
1.737616e-16
1.587537e-16
1.450248e-16
1.324650e-16
1.209740e-16
1.104598e-16
1.008382e-16
9.203194e-17
8.397048e-17
7.658907e-17
6.982841e-17
6.363415e-17
5.795645e-17
5.274961e-17
4.797168e-17
4.358415e-17
3.955163e-17
3.584157e-17
3.242401e-17
2.927134e-17
2.635808e-17
2.366066e-17
2.115726e-17
1.882761e-17
1.665286e-17
1.461539e-17
1.269869e-17
1.088724e-17
9.166367e-18
7.522119e-18
5.941181e-18
4.410746e-18
2.918423e-18
1.451152e-18
0.000000e+00
