0.000000e+00
2.550729e-20
5.454835e-20
8.983525e-20
1.358408e-19
1.979271e-19
2.832031e-19
4.012847e-19
5.653014e-19
7.932485e-19
1.109812e-18
1.548837e-18
2.156663e-18
2.996637e-18
4.155185e-18
5.750003e-18
7.941043e-18
1.094526e-17
1.505634e-17
2.067102e-17
2.832422e-17
3.873574e-17
5.287218e-17
7.202909e-17
9.793948e-17
1.329170e-16
1.800445e-16
2.434217e-16
3.284906e-16
4.424600e-16
5.948622e-16
7.982769e-16
1.069275e-15
1.429641e-15
1.907965e-15
2.541692e-15
3.379779e-15
4.486109e-15
5.943896e-15
7.861327e-15
1.037880e-14
1.367820e-14
1.799468e-14
2.363179e-14
3.098059e-14
4.054400e-14
5.296767e-14
6.907897e-14
8.993628e-14
1.168911e-13
1.516662e-13
1.964536e-13
2.540380e-13
3.279504e-13
4.226603e-13
5.438161e-13
6.985428e-13
8.958137e-13
1.146910e-12
1.465990e-12
1.870794e-12
2.383512e-12
3.031855e-12
3.850368e-12
4.882048e-12
6.180318e-12
7.811451e-12
9.857524e-12
1.242002e-11
1.562421e-11
1.962448e-11
2.461081e-11
3.081655e-11
3.852793e-11
4.809542e-11
5.994753e-11
7.460729e-11
9.271215e-11
1.150378e-10
1.425264e-10
1.763212e-10
2.178065e-10
2.686563e-10
3.308920e-10
4.069500e-10
4.997635e-10
6.128573e-10
7.504617e-10
9.176450e-10
1.120471e-09
1.366185e-09
1.663427e-09
2.022488e-09
2.455610e-09
2.977326e-09
3.604873e-09
4.358656e-09
5.262802e-09
6.345796e-09
7.641215e-09
9.188584e-09
1.103436e-08
1.323309e-08
1.584868e-08
1.895594e-08
2.264230e-08
2.700982e-08
3.217739e-08
3.828344e-08
4.548880e-08
5.398012e-08
6.397375e-08
7.572002e-08
8.950828e-08
1.056724e-07
1.245974e-07
1.467260e-07
1.725673e-07
2.027058e-07
2.378111e-07
2.786500e-07
3.260988e-07
3.811580e-07
4.449682e-07
5.188281e-07
6.042141e-07
7.028029e-07
8.164957e-07
9.474454e-07
1.098087e-06
1.271172e-06
1.469801e-06
1.697471e-06
1.958112e-06
2.256144e-06
2.596523e-06
2.984806e-06
3.427210e-06
3.930685e-06
4.502991e-06
5.152777e-06
5.889675e-06
6.724395e-06
7.668831e-06
8.736176e-06
9.941046e-06
1.129961e-05
1.282973e-05
1.455113e-05
1.648553e-05
1.865685e-05
2.109139e-05
2.381801e-05
2.686837e-05
3.027714e-05
3.408224e-05
3.832510e-05
4.305092e-05
4.830893e-05
5.415275e-05
6.064062e-05
6.783578e-05
7.580680e-05
8.462791e-05
9.437940e-05
1.051480e-04
1.170272e-04
1.301178e-04
1.445282e-04
1.603750e-04
1.777832e-04
1.968868e-04
2.178293e-04
2.407642e-04
2.658551e-04
2.932769e-04
3.232155e-04
3.558687e-04
3.914468e-04
4.301728e-04
4.722827e-04
5.180265e-04
5.676684e-04
6.214869e-04
6.797756e-04
7.428437e-04
8.110158e-04
8.846328e-04
9.640519e-04
1.049647e-03
1.141808e-03
1.240944e-03
1.347479e-03
1.461855e-03
1.584531e-03
1.715984e-03
1.856708e-03
2.007212e-03
2.168025e-03
2.339689e-03
2.522764e-03
2.717825e-03
2.925461e-03
3.146276e-03
3.380888e-03
3.629925e-03
3.894030e-03
4.173854e-03
4.470058e-03
4.783312e-03
5.114293e-03
5.463681e-03
5.832162e-03
6.220423e-03
6.629152e-03
7.059035e-03
7.510755e-03
7.984989e-03
8.482407e-03
9.003670e-03
9.549423e-03
1.012030e-02
1.071692e-02
1.133988e-02
1.198975e-02
1.266709e-02
1.337242e-02
1.410623e-02
1.486898e-02
1.566111e-02
1.648300e-02
1.733500e-02
1.821742e-02
1.913051e-02
2.007450e-02
2.104954e-02
2.205574e-02
2.309316e-02
2.416180e-02
2.526159e-02
2.639241e-02
2.755407e-02
2.874632e-02
2.996885e-02
3.122127e-02
3.250311e-02
3.381386e-02
3.515292e-02
3.651961e-02
3.791320e-02
3.933288e-02
4.077775e-02
4.224685e-02
4.373916e-02
4.525357e-02
4.678892e-02
4.834394e-02
4.991734e-02
5.150774e-02
5.311369e-02
5.473368e-02
5.636616e-02
5.800950e-02
5.966202e-02
6.132198e-02
6.298761e-02
6.465709e-02
6.632853e-02
6.800004e-02
6.966967e-02
7.133545e-02
7.299537e-02
7.464743e-02
7.628956e-02
7.791973e-02
7.953586e-02
8.113590e-02
8.271777e-02
8.427941e-02
8.581877e-02
8.733382e-02
8.882253e-02
9.028291e-02
9.171300e-02
9.311087e-02
9.447462e-02
9.580240e-02
9.709241e-02
9.834290e-02
9.955218e-02
1.007186e-01
1.018406e-01
1.029166e-01
1.039453e-01
1.049252e-01
1.058551e-01
1.067338e-01
1.075601e-01
1.083330e-01
1.090515e-01
1.097148e-01
1.103221e-01
1.108727e-01
1.113660e-01
1.118016e-01
1.121789e-01
1.124977e-01
1.127579e-01
1.129591e-01
1.131015e-01
1.131851e-01
1.132100e-01
1.131765e-01
1.130850e-01
1.129358e-01
1.127294e-01
1.124666e-01
1.121478e-01
1.117740e-01
1.113460e-01
1.108646e-01
1.103308e-01
1.097458e-01
1.091105e-01
1.084263e-01
1.076944e-01
1.069159e-01
1.060924e-01
1.052252e-01
1.043158e-01
1.033656e-01
1.023761e-01
1.013490e-01
1.002858e-01
9.918819e-02
9.805774e-02
9.689614e-02
9.570506e-02
9.448620e-02
9.324126e-02
9.197194e-02
9.067995e-02
8.936700e-02
8.803477e-02
8.668498e-02
8.531930e-02
8.393939e-02
8.254692e-02
8.114350e-02
7.973076e-02
7.831028e-02
7.682489e-02
7.533508e-02
7.384234e-02
7.234814e-02
7.085392e-02
6.936108e-02
6.787096e-02
6.638489e-02
6.490412e-02
6.342990e-02
6.196340e-02
6.050577e-02
5.905810e-02
5.762142e-02
5.619675e-02
5.478503e-02
5.338717e-02
5.200403e-02
5.063641e-02
4.928507e-02
4.795075e-02
4.663409e-02
4.533573e-02
4.405624e-02
4.279615e-02
4.155595e-02
4.033609e-02
3.913696e-02
3.795893e-02
3.680230e-02
3.566737e-02
3.455436e-02
3.346349e-02
3.239491e-02
3.134875e-02
3.032511e-02
2.932405e-02
2.834560e-02
2.738976e-02
2.645650e-02
2.554576e-02
2.465745e-02
2.379147e-02
2.294768e-02
2.212592e-02
2.132602e-02
2.054777e-02
1.979096e-02
1.905534e-02
1.834067e-02
1.764668e-02
1.697308e-02
1.631958e-02
1.568587e-02
1.507163e-02
1.447653e-02
1.390022e-02
1.334238e-02
1.280263e-02
1.228062e-02
1.177599e-02
1.128837e-02
1.081738e-02
1.036265e-02
9.923805e-03
9.500460e-03
9.092238e-03
8.698761e-03
8.319650e-03
7.954526e-03
7.603016e-03
7.264745e-03
6.939344e-03
6.626445e-03
6.325685e-03
6.036703e-03
5.759146e-03
5.492663e-03
5.236909e-03
4.991544e-03
4.756233e-03
4.530648e-03
4.314467e-03
4.107373e-03
3.909056e-03
3.719212e-03
3.537544e-03
3.363762e-03
3.197583e-03
3.038730e-03
2.886931e-03
2.741925e-03
2.603456e-03
2.471273e-03
2.345134e-03
2.224803e-03
2.110052e-03
2.000658e-03
1.896406e-03
1.797087e-03
1.702498e-03
1.612443e-03
1.526733e-03
1.445184e-03
1.367619e-03
1.293867e-03
1.223763e-03
1.157147e-03
1.093865e-03
1.033769e-03
9.767163e-04
9.225693e-04
8.711958e-04
8.224683e-04
7.762647e-04
7.324671e-04
6.909628e-04
6.516433e-04
6.144045e-04
5.791467e-04
5.457742e-04
5.141954e-04
4.843224e-04
4.560711e-04
4.293612e-04
4.041158e-04
3.802611e-04
3.577270e-04
3.364462e-04
3.163546e-04
2.973909e-04
2.794968e-04
2.626166e-04
2.466970e-04
2.316875e-04
2.175398e-04
2.042080e-04
1.916484e-04
1.798194e-04
1.686814e-04
1.581967e-04
1.483297e-04
1.390462e-04
1.303141e-04
1.221027e-04
1.143829e-04
1.071272e-04
1.003092e-04
9.390426e-05
8.788881e-05
8.224056e-05
7.693841e-05
7.196236e-05
6.729349e-05
6.291391e-05
5.880668e-05
5.495578e-05
5.134608e-05
4.796328e-05
4.479386e-05
4.182506e-05
3.904482e-05
3.644179e-05
3.400522e-05
3.172500e-05
2.959158e-05
2.759596e-05
2.572968e-05
2.398473e-05
2.235360e-05
2.082920e-05
1.940486e-05
1.807432e-05
1.683166e-05
1.567134e-05
1.458814e-05
1.357714e-05
1.263375e-05
1.175362e-05
1.093269e-05
1.016714e-05
9.453390e-06
8.788067e-06
8.168019e-06
7.590284e-06
7.052086e-06
6.550822e-06
6.084054e-06
5.649496e-06
5.245007e-06
4.868583e-06
4.518347e-06
4.192543e-06
3.889525e-06
3.607756e-06
3.345798e-06
3.102305e-06
2.876020e-06
2.665768e-06
2.470450e-06
2.289041e-06
2.120581e-06
1.964178e-06
1.818994e-06
1.684251e-06
1.559221e-06
1.443226e-06
1.335633e-06
1.235852e-06
1.143332e-06
1.057560e-06
9.780599e-07
9.043854e-07
8.361220e-07
7.728837e-07
7.143110e-07
6.600694e-07
6.098474e-07
5.633554e-07
5.203238e-07
4.805020e-07
4.436571e-07
4.095723e-07
3.780463e-07
3.488919e-07
3.219354e-07
2.970152e-07
2.739815e-07
2.526949e-07
2.330263e-07
2.148556e-07
1.980716e-07
1.825710e-07
1.682580e-07
1.550437e-07
1.428458e-07
1.315879e-07
1.211993e-07
1.116143e-07
1.027723e-07
9.461680e-08
8.709580e-08
8.016101e-08
7.376771e-08
6.787455e-08
6.244324e-08
5.743836e-08
5.282712e-08
4.857922e-08
4.466661e-08
4.106338e-08
3.774556e-08
3.469100e-08
3.187922e-08
2.929132e-08
2.690982e-08
2.471858e-08
2.270269e-08
2.084838e-08
1.914296e-08
1.757470e-08
1.613276e-08
1.480717e-08
1.358870e-08
1.246887e-08
1.143982e-08
1.049433e-08
9.625741e-09
8.827902e-09
8.095154e-09
7.422277e-09
6.804465e-09
6.237289e-09
5.716667e-09
5.238844e-09
4.800360e-09
4.398029e-09
4.028920e-09
3.690334e-09
3.379787e-09
3.094996e-09
2.833857e-09
2.594438e-09
2.374960e-09
2.173789e-09
1.989420e-09
1.820472e-09
1.665674e-09
1.523860e-09
1.393956e-09
1.274978e-09
1.166019e-09
1.066248e-09
9.749022e-10
8.912797e-10
8.147371e-10
7.446834e-10
6.805762e-10
6.219178e-10
5.682515e-10
5.191582e-10
4.742537e-10
4.331853e-10
3.956297e-10
3.612905e-10
3.298959e-10
3.011967e-10
2.749644e-10
2.509899e-10
2.290812e-10
2.090626e-10
1.907731e-10
1.740653e-10
1.588041e-10
1.448657e-10
1.321370e-10
1.205142e-10
1.099024e-10
1.002147e-10
9.137162e-11
8.330040e-11
7.593444e-11
6.921285e-11
6.307991e-11
5.748467e-11
5.238051e-11
4.772484e-11
4.347868e-11
3.960643e-11
3.607552e-11
3.285619e-11
2.992125e-11
2.724586e-11
2.480731e-11
2.258485e-11
2.055955e-11
1.871410e-11
1.703269e-11
1.550090e-11
1.410555e-11
1.283461e-11
1.167711e-11
1.062302e-11
9.663197e-12
8.789295e-12
7.993699e-12
7.269463e-12
6.610248e-12
6.010274e-12
5.464269e-12
4.967425e-12
4.515358e-12
4.104071e-12
3.729920e-12
3.389583e-12
3.080034e-12
2.798511e-12
2.542502e-12
2.309715e-12
2.098063e-12
1.905644e-12
1.730727e-12
1.571732e-12
1.427225e-12
1.295896e-12
1.176553e-12
1.068114e-12
9.695888e-13
8.800801e-13
7.987695e-13
7.249124e-13
6.578314e-13
5.969099e-13
5.415871e-13
4.913526e-13
4.457422e-13
4.043338e-13
3.667434e-13
3.326217e-13
3.016512e-13
2.735433e-13
2.480353e-13
2.248887e-13
2.038865e-13
1.848317e-13
1.675451e-13
1.518637e-13
1.376398e-13
1.247387e-13
1.130385e-13
1.024282e-13
9.280698e-14
8.408333e-14
7.617412e-14
6.900388e-14
6.250405e-14
5.661240e-14
5.127242e-14
4.643283e-14
4.204707e-14
3.807286e-14
3.447187e-14
3.120928e-14
2.825350e-14
2.557589e-14
2.315044e-14
2.095357e-14
1.896387e-14
1.716193e-14
1.553017e-14
1.405260e-14
1.271476e-14
1.150351e-14
1.040696e-14
9.414312e-15
8.515783e-15
7.702507e-15
6.966445e-15
6.300312e-15
5.697506e-15
5.152043e-15
4.658502e-15
4.211971e-15
3.808000e-15
3.442555e-15
3.111985e-15
2.812981e-15
2.542547e-15
2.297970e-15
2.076790e-15
1.876784e-15
1.695935e-15
1.532420e-15
1.384586e-15
1.250938e-15
1.130122e-15
1.020913e-15
9.222033e-16
8.329877e-16
7.523586e-16
6.794939e-16
6.136502e-16
5.541544e-16
5.003980e-16
4.518301e-16
4.079528e-16
3.683152e-16
3.325100e-16
3.001685e-16
2.709574e-16
2.445753e-16
2.207495e-16
1.992336e-16
1.798049e-16
1.622619e-16
1.464224e-16
1.321219e-16
1.192116e-16
1.075570e-16
9.703657e-17
8.754046e-17
7.896943e-17
7.123379e-17
6.425251e-17
5.795238e-17
5.226725e-17
4.713737e-17
4.250876e-17
3.833267e-17
3.456505e-17
3.116615e-17
2.810004e-17
2.533429e-17
2.283959e-17
2.058952e-17
1.856019e-17
1.673003e-17
1.507959e-17
1.359130e-17
1.224929e-17
1.103925e-17
9.948258e-18
8.964652e-18
8.077907e-18
7.278525e-18
6.557935e-18
5.908404e-18
5.322952e-18
4.795285e-18
4.319723e-18
3.891142e-18
3.504919e-18
3.156885e-18
2.843279e-18
2.560709e-18
2.306116e-18
2.076741e-18
1.870095e-18
1.683936e-18
1.516240e-18
1.365183e-18
1.229120e-18
1.106569e-18
9.961938e-19
8.967884e-19
8.072668e-19
7.266501e-19
6.540558e-19
5.886885e-19
5.298313e-19
4.768383e-19
4.291274e-19
3.861739e-19
3.475052e-19
3.126954e-19
2.813608e-19
2.531557e-19
2.277685e-19
2.049188e-19
1.843539e-19
1.658460e-19
1.491901e-19
1.342015e-19
1.207139e-19
1.085776e-19
9.765744e-20
8.783213e-20
7.899222e-20
7.103921e-20
6.388442e-20
5.744799e-20
5.165804e-20
4.644984e-20
4.176513e-20
3.755146e-20
3.376162e-20
3.035311e-20
2.728769e-20
2.453093e-20
2.205185e-20
1.982257e-20
1.781799e-20
1.601554e-20
1.439489e-20
1.293777e-20
1.162772e-20
1.044994e-20
9.391128e-21
8.439292e-21
7.583657e-21
6.814531e-21
6.123192e-21
5.501796e-21
4.943287e-21
4.441320e-21
3.990187e-21
3.584754e-21
3.220405e-21
2.892989e-21
2.598772e-21
2.334398e-21
2.096848e-21
1.883408e-21
1.691638e-21
1.519343e-21
1.364551e-21
1.225489e-21
1.100563e-21
9.883393e-22
8.875301e-22
7.969775e-22
7.156406e-22
6.425841e-22
5.769671e-22
5.180340e-22
4.651058e-22
4.175722e-22
3.748847e-22
3.365506e-22
3.021269e-22
2.712158e-22
2.434598e-22
2.185376e-22
1.961606e-22
1.760695e-22
1.580314e-22
1.418370e-22
1.272983e-22
1.142464e-22
1.025297e-22
9.201189e-23
8.257059e-23
7.409587e-23
6.648900e-23
5.966133e-23
5.353322e-23
4.803316e-23
4.309692e-23
3.866685e-23
3.469114e-23
3.112331e-23
2.792159e-23
2.504851e-23
2.247039e-23
2.015703e-23
1.808128e-23
1.621879e-23
1.454768e-23
1.304834e-23
1.170313e-23
1.049624e-23
9.413462e-24
8.442051e-24
7.570566e-24
6.788736e-24
6.087343e-24
5.458111e-24
4.893614e-24
4.387185e-24
3.932841e-24
3.525211e-24
3.159475e-24
2.831303e-24
2.536811e-24
2.272511e-24
2.035270e-24
1.822277e-24
1.631004e-24
1.459183e-24
1.304772e-24
1.165938e-24
1.041031e-24
9.285670e-25
8.272080e-25
7.357482e-25
6.530994e-25
5.782777e-25
5.103921e-25
4.486344e-25
3.922687e-25
3.406238e-25
2.930843e-25
2.490840e-25
2.080989e-25
1.696409e-25
1.332523e-25
9.850022e-26
6.497139e-26
3.223559e-26
0.000000e+00
